 831.8438487007626920E-9
 3.472922787090761520E-6
 6.599385588657327160E-6
 9.626731650491448630E-6
 11.79438689591429680E-6
 12.29313343977745100E-6
 10.43611567902472360E-6
 5.845367116891031500E-6
-1.383338643849047590E-6
-10.57745319323301910E-6
-20.48162894624276120E-6
-29.37072199473620060E-6
-35.28371743898378550E-6
-36.35630548270400910E-6
-31.20579805513432700E-6
-19.30297544133041400E-6
-1.255881834524230410E-6
 21.06601072644610890E-6
 44.62102624442457710E-6
 65.52051195055778980E-6
 79.57205344185402400E-6
 82.97874876278974910E-6
 73.09316833128806930E-6
 49.09771015801127450E-6
 12.47556624489876500E-6
-32.84725991407512420E-6
-80.76796495389366730E-6
-123.6991585374378960E-6
-153.6321952640158200E-6
-163.4423758187933230E-6
-148.2448445411140200E-6
-106.5730688449948930E-6
-41.14980374052586850E-6
 40.94149195290725630E-6
 128.8000414355788620E-6
 208.9740081513727720E-6
 267.3348066945796970E-6
 291.3253356275347410E-6
 272.2533303691911330E-6
 207.2503867787102080E-6
 100.5247281129363300E-6
-36.39267030842599840E-6
-185.5778393639809850E-6
-324.8130533757446300E-6
-430.6534214982270330E-6
-482.0735390409230380E-6
-464.1646060834582390E-6
-371.2817170215445230E-6
-209.0618027532030960E-6
 5.148282015586821640E-6
 243.7057087424319090E-6
 471.9069524193179750E-6
 652.7243240788594680E-6
 752.4443370782353210E-6
 746.3971589638971410E-6
 623.8648341614598390E-6
 391.2921006660843660E-6
 73.10564451513550920E-6
-290.2393328029763210E-6
-646.9600390754726500E-6
-940.9263038029622520E-6
-0.001120040208063058
-0.001144824404575452
-995.8780942893631620E-6
-678.9093002957520180E-6
-226.3126133584570990E-6
 305.2890459146574360E-6
 841.5362256985822570E-6
 0.001300218274961591
 0.001603317447996795
 0.001689523488602941
 0.001525302565207998
 0.001112658281908885
 492.0741864190952700E-6
-260.2528793438332850E-6
-0.001040965595762403
-0.001733066125315975
-0.002222739359310633
-0.002417158562534662
-0.002260601649128139
-0.001746241661454069
-921.4227548836163350E-6
 114.9429322950855830E-6
 0.001223119226038273
 0.002240459146581910
 0.003004332699420105
 0.003376968004550406
 0.003268559199008318
 0.002654965577462252
 0.001586858349936701
 188.2259291301794520E-6
-0.001356395420993445
-0.002824933090427235
-0.003988361748209725
-0.004644830643462266
-0.004652453813240499
-0.003955702871210671
-0.002600912209490862
-737.6956705147197230E-6
 0.001395058993483152
 0.003497743996493353
 0.005250017331812179
 0.006357158444261215
 0.006596393396766929
 0.005856299993106735
 0.004162895828586524
 0.001687483216050991
-0.001266372827659998
-0.004296502521422651
-0.006953164325744185
-0.008801414811682808
-0.009486670756987236
-0.008794231510335298
-0.006693685104702180
-0.003360579576897932
 829.6205295859110720E-6
 0.005336749969917291
 0.009517820418932427
 0.012709162209084555
 0.014319170514855373
 0.013919846921664224
 0.011324649938218183
 0.006641138094300360
 289.4654479537919090E-6
-0.007018290630106334
-0.014338182354912828
-0.020588940745250701
-0.024671410976974176
-0.025599548575888167
-0.022627476503891686
-0.015356814391510973
-0.003810197079058768
 0.011539549091522163
 0.029790102121452691
 0.049679884906183094
 0.069701530919972707
 0.088246883337026849
 0.103767774336001803
 0.114934615197603202
 0.120774764148300989
 0.120774764148300989
 0.114934615197603202
 0.103767774336001803
 0.088246883337026849
 0.069701530919972707
 0.049679884906183094
 0.029790102121452691
 0.011539549091522163
-0.003810197079058768
-0.015356814391510973
-0.022627476503891686
-0.025599548575888167
-0.024671410976974176
-0.020588940745250701
-0.014338182354912828
-0.007018290630106334
 289.4654479537919090E-6
 0.006641138094300360
 0.011324649938218183
 0.013919846921664224
 0.014319170514855373
 0.012709162209084555
 0.009517820418932427
 0.005336749969917291
 829.6205295859110720E-6
-0.003360579576897932
-0.006693685104702180
-0.008794231510335298
-0.009486670756987236
-0.008801414811682808
-0.006953164325744185
-0.004296502521422651
-0.001266372827659998
 0.001687483216050991
 0.004162895828586524
 0.005856299993106735
 0.006596393396766929
 0.006357158444261215
 0.005250017331812179
 0.003497743996493353
 0.001395058993483152
-737.6956705147197230E-6
-0.002600912209490862
-0.003955702871210671
-0.004652453813240499
-0.004644830643462266
-0.003988361748209725
-0.002824933090427235
-0.001356395420993445
 188.2259291301794520E-6
 0.001586858349936701
 0.002654965577462252
 0.003268559199008318
 0.003376968004550406
 0.003004332699420105
 0.002240459146581910
 0.001223119226038273
 114.9429322950855830E-6
-921.4227548836163350E-6
-0.001746241661454069
-0.002260601649128139
-0.002417158562534662
-0.002222739359310633
-0.001733066125315975
-0.001040965595762403
-260.2528793438332850E-6
 492.0741864190952700E-6
 0.001112658281908885
 0.001525302565207998
 0.001689523488602941
 0.001603317447996795
 0.001300218274961591
 841.5362256985822570E-6
 305.2890459146574360E-6
-226.3126133584570990E-6
-678.9093002957520180E-6
-995.8780942893631620E-6
-0.001144824404575452
-0.001120040208063058
-940.9263038029622520E-6
-646.9600390754726500E-6
-290.2393328029763210E-6
 73.10564451513550920E-6
 391.2921006660843660E-6
 623.8648341614598390E-6
 746.3971589638971410E-6
 752.4443370782353210E-6
 652.7243240788594680E-6
 471.9069524193179750E-6
 243.7057087424319090E-6
 5.148282015586821640E-6
-209.0618027532030960E-6
-371.2817170215445230E-6
-464.1646060834582390E-6
-482.0735390409230380E-6
-430.6534214982270330E-6
-324.8130533757446300E-6
-185.5778393639809850E-6
-36.39267030842599840E-6
 100.5247281129363300E-6
 207.2503867787102080E-6
 272.2533303691911330E-6
 291.3253356275347410E-6
 267.3348066945796970E-6
 208.9740081513727720E-6
 128.8000414355788620E-6
 40.94149195290725630E-6
-41.14980374052586850E-6
-106.5730688449948930E-6
-148.2448445411140200E-6
-163.4423758187933230E-6
-153.6321952640158200E-6
-123.6991585374378960E-6
-80.76796495389366730E-6
-32.84725991407512420E-6
 12.47556624489876500E-6
 49.09771015801127450E-6
 73.09316833128806930E-6
 82.97874876278974910E-6
 79.57205344185402400E-6
 65.52051195055778980E-6
 44.62102624442457710E-6
 21.06601072644610890E-6
-1.255881834524230410E-6
-19.30297544133041400E-6
-31.20579805513432700E-6
-36.35630548270400910E-6
-35.28371743898378550E-6
-29.37072199473620060E-6
-20.48162894624276120E-6
-10.57745319323301910E-6
-1.383338643849047590E-6
 5.845367116891031500E-6
 10.43611567902472360E-6
 12.29313343977745100E-6
 11.79438689591429680E-6
 9.626731650491448630E-6
 6.599385588657327160E-6
 3.472922787090761520E-6
 831.8438487007626920E-9

