 9.010948571040366060E-6
 14.72538285650357180E-6
 20.25260650275908600E-6
 24.66970000135589560E-6
 27.00357452768409420E-6
 26.36476674034959800E-6
 22.09257541759007640E-6
 13.89303352009672560E-6
 1.949573935967716660E-6
-13.01289490150099230E-6
-29.72624808843202970E-6
-46.44940327556926720E-6
-61.11211295006370390E-6
-71.52444649576779060E-6
-75.63455589059559260E-6
-71.80877230700440350E-6
-59.10175818420491820E-6
-37.48140257015335660E-6
-7.974164290883056340E-6
 27.29801583883340400E-6
 65.20845803763565130E-6
 101.8501771727976290E-6
 132.8845335217999380E-6
 153.9884281229437870E-6
 161.3593693641647350E-6
 152.2258798617904740E-6
 125.3037701255806130E-6
 81.13814620430227360E-6
 22.27740272472326310E-6
-46.76111833026170220E-6
-119.7544820481757880E-6
-189.2630048865600540E-6
-247.3146540962264340E-6
-286.2292930857808530E-6
-299.5049801896694820E-6
-282.6730617834623440E-6
-234.0223964428606680E-6
-155.0973419459679970E-6
-50.88969621800799810E-6
 70.32906419457242460E-6
 197.5541016005238930E-6
 317.9505983000235010E-6
 418.0508435386287830E-6
 485.1428462285949190E-6
 508.7171487130169110E-6
 481.8192379792673140E-6
 402.1507697780095900E-6
 272.7755688428687220E-6
 102.3161496444953120E-6
-95.42846211450364540E-6
-302.4561594979865620E-6
-498.0759062775728130E-6
-660.8489511110815330E-6
-770.7871701923281760E-6
-811.5959120602120720E-6
-772.7253992944453100E-6
-650.9949449299552950E-6
-451.5798870401845310E-6
-188.2015406704163070E-6
 117.5678211567879000E-6
 437.8859287949997000E-6
 741.0142066991520550E-6
 994.2991696512026460E-6
 0.001167497083336904
 0.001236119878476669
 0.001184452413948772
 0.001007898208233606
 714.3546043902695150E-6
 324.3971228842734720E-6
-129.8392443617511840E-6
-607.0660880401775330E-6
-0.001060383392501901
-0.001441675444841562
-0.001706469027682776
-0.001818784835240920
-0.001755479161676051
-0.001509588996221312
-0.001092261560557089
-532.9655844727253680E-6
 122.1625062575227790E-6
 813.8022847014741500E-6
 0.001474536601025284
 0.002035135159467965
 0.002431475626329090
 0.002611439136742479
 0.002541073720963767
 0.002209345349715022
 0.001630893902549264
 846.3750752511315340E-6
-79.81337495759265720E-6
-0.001064370312389599
-0.002012180278677321
-0.002825089162531067
-0.003411594376167424
-0.003696533644243289
-0.003629795902227592
-0.003193111707704386
-0.002404111474440771
-0.001317060609669631
-19.97467705707281030E-6
 0.001371839904214864
 0.002725414613368446
 0.003902170184801740
 0.004771354581894049
 0.005223627007976616
 0.005183452617941959
 0.004619003565557292
 0.003548423128270880
 0.002041592765559790
 216.9265586205124240E-6
-0.001766828025816719
-0.003723319816415542
-0.005454921929244279
-0.006771318540913973
-0.007508707667889314
-0.007547812965938754
-0.006828895771575840
-0.005362128324688688
-0.003232023585886463
-595.0935996135808640E-6
 0.002329510259788118
 0.005275984458383265
 0.007953460285181117
 0.010071585629407104
 0.011368034817601517
 0.011635581773947889
 0.010746272517023004
 0.008670350798068381
 0.005487924730202725
 0.001391892041594794
-0.003318671964738419
-0.008254671262583555
-0.012961873843302671
-0.016952918426350529
-0.019744154434431067
-0.020894513599803922
-0.020043319091203691
-0.016943898669486000
-0.011490093397904083
-0.003733231271273528
 0.006112168184696072
 0.017674830608297353
 0.030445219756917854
 0.043805027872847464
 0.057065696304563554
 0.069513234238013297
 0.080456048427079291
 0.089272201508278831
 0.095452508875514847
 0.098636167946832762
 0.098636167946832762
 0.095452508875514847
 0.089272201508278831
 0.080456048427079291
 0.069513234238013297
 0.057065696304563554
 0.043805027872847464
 0.030445219756917854
 0.017674830608297353
 0.006112168184696072
-0.003733231271273528
-0.011490093397904083
-0.016943898669486000
-0.020043319091203691
-0.020894513599803922
-0.019744154434431067
-0.016952918426350529
-0.012961873843302671
-0.008254671262583555
-0.003318671964738419
 0.001391892041594794
 0.005487924730202725
 0.008670350798068381
 0.010746272517023004
 0.011635581773947889
 0.011368034817601517
 0.010071585629407104
 0.007953460285181117
 0.005275984458383265
 0.002329510259788118
-595.0935996135808640E-6
-0.003232023585886463
-0.005362128324688688
-0.006828895771575840
-0.007547812965938754
-0.007508707667889314
-0.006771318540913973
-0.005454921929244279
-0.003723319816415542
-0.001766828025816719
 216.9265586205124240E-6
 0.002041592765559790
 0.003548423128270880
 0.004619003565557292
 0.005183452617941959
 0.005223627007976616
 0.004771354581894049
 0.003902170184801740
 0.002725414613368446
 0.001371839904214864
-19.97467705707281030E-6
-0.001317060609669631
-0.002404111474440771
-0.003193111707704386
-0.003629795902227592
-0.003696533644243289
-0.003411594376167424
-0.002825089162531067
-0.002012180278677321
-0.001064370312389599
-79.81337495759265720E-6
 846.3750752511315340E-6
 0.001630893902549264
 0.002209345349715022
 0.002541073720963767
 0.002611439136742479
 0.002431475626329090
 0.002035135159467965
 0.001474536601025284
 813.8022847014741500E-6
 122.1625062575227790E-6
-532.9655844727253680E-6
-0.001092261560557089
-0.001509588996221312
-0.001755479161676051
-0.001818784835240920
-0.001706469027682776
-0.001441675444841562
-0.001060383392501901
-607.0660880401775330E-6
-129.8392443617511840E-6
 324.3971228842734720E-6
 714.3546043902695150E-6
 0.001007898208233606
 0.001184452413948772
 0.001236119878476669
 0.001167497083336904
 994.2991696512026460E-6
 741.0142066991520550E-6
 437.8859287949997000E-6
 117.5678211567879000E-6
-188.2015406704163070E-6
-451.5798870401845310E-6
-650.9949449299552950E-6
-772.7253992944453100E-6
-811.5959120602120720E-6
-770.7871701923281760E-6
-660.8489511110815330E-6
-498.0759062775728130E-6
-302.4561594979865620E-6
-95.42846211450364540E-6
 102.3161496444953120E-6
 272.7755688428687220E-6
 402.1507697780095900E-6
 481.8192379792673140E-6
 508.7171487130169110E-6
 485.1428462285949190E-6
 418.0508435386287830E-6
 317.9505983000235010E-6
 197.5541016005238930E-6
 70.32906419457242460E-6
-50.88969621800799810E-6
-155.0973419459679970E-6
-234.0223964428606680E-6
-282.6730617834623440E-6
-299.5049801896694820E-6
-286.2292930857808530E-6
-247.3146540962264340E-6
-189.2630048865600540E-6
-119.7544820481757880E-6
-46.76111833026170220E-6
 22.27740272472326310E-6
 81.13814620430227360E-6
 125.3037701255806130E-6
 152.2258798617904740E-6
 161.3593693641647350E-6
 153.9884281229437870E-6
 132.8845335217999380E-6
 101.8501771727976290E-6
 65.20845803763565130E-6
 27.29801583883340400E-6
-7.974164290883056340E-6
-37.48140257015335660E-6
-59.10175818420491820E-6
-71.80877230700440350E-6
-75.63455589059559260E-6
-71.52444649576779060E-6
-61.11211295006370390E-6
-46.44940327556926720E-6
-29.72624808843202970E-6
-13.01289490150099230E-6
 1.949573935967716660E-6
 13.89303352009672560E-6
 22.09257541759007640E-6
 26.36476674034959800E-6
 27.00357452768409420E-6
 24.66970000135589560E-6
 20.25260650275908600E-6
 14.72538285650357180E-6
 9.010948571040366060E-6

