-1.745769653350997870E-6
-2.403466263310547910E-6
-3.166934203658224870E-6
-4.036345850649966320E-6
-5.009442377889393500E-6
-6.081258562264615360E-6
-7.243870273270526460E-6
-8.486171985447558800E-6
-9.793691784394125580E-6
-11.14845133932145060E-6
-12.52887817898863080E-6
-13.90977732439435500E-6
-15.26236889414084880E-6
-16.55439770253448730E-6
-17.75032011436421440E-6
-18.81157250474674570E-6
-19.69692460117739330E-6
-20.36291976472901060E-6
-20.76440290806457510E-6
-20.85513526258133150E-6
-20.58849361172826060E-6
-19.91824992154345250E-6
-18.79942554488860650E-6
-17.18921237760915590E-6
-15.04795153032913820E-6
-12.34015827841212600E-6
-9.035580296245505850E-6
-5.110274503340197500E-6
-547.6862826632407180E-9
 4.660286589504759820E-6
 10.51226420377886580E-6
 16.99640889652749820E-6
 24.08952445664239410E-6
 31.75625137329452490E-6
 39.94837953659178710E-6
 48.60429967191230100E-6
 57.64861430622897130E-6
 66.99192821388864160E-6
 76.53083705777507360E-6
 86.14813132257010860E-6
 95.71323062865124600E-6
 105.0828611228270400E-6
 114.1019858767997160E-6
 122.6049951037154240E-6
 130.4171595518785690E-6
 137.3563466838177190E-6
 143.2349952361844030E-6
 147.8623395256131520E-6
 151.0468704679460640E-6
 152.5990157690948480E-6
 152.3340171863191300E-6
 150.0749782144358730E-6
 145.6560510917122430E-6
 138.9257277171186050E-6
 129.7501949983630140E-6
 118.0167113837493100E-6
 103.6369579453091200E-6
 86.55031444948227200E-6
 66.72700844603660640E-6
 44.17108359340197410E-6
 18.92313228183024520E-6
-8.937262828660507810E-6
-39.28943342134520830E-6
-71.96993023263242150E-6
-106.7712798499979380E-6
-143.4412427790248050E-6
-181.6826182842019930E-6
-221.1536369673763720E-6
-261.4689766567049670E-6
-302.2014309646282300E-6
-342.8842528759275300E-6
-383.0141879997024150E-6
-422.0552037285952450E-6
-459.4429115740672390E-6
-494.5896704795916320E-6
-526.8903490574218720E-6
-555.7287145629949240E-6
-580.4844061374619740E-6
-600.5404395450796070E-6
-615.2911804467989900E-6
-624.1507133282184440E-6
-626.5615236863536670E-6
-622.0034021243002370E-6
-610.0024707542485200E-6
-590.1402249133395800E-6
-562.0624767949649370E-6
-525.4880823247048060E-6
-480.2173285909900640E-6
-426.1398564903528270E-6
-363.2419920674061590E-6
-291.6133604071935680E-6
-211.4526579420790140E-6
-123.0724627184279850E-6
-26.90296756148935490E-6
 76.50547180939794600E-6
 186.4810728405271620E-6
 302.2307350067436000E-6
 422.8415979922809240E-6
 547.2841120554019200E-6
 674.4166683631932530E-6
 802.9918207000058600E-6
 931.6641124162380260E-6
 0.001058999503963729
 0.001183486377049586
 0.001303548071539328
 0.001417556890975493
 0.001523849492185863
 0.001620743554182833
 0.001706555601657092
 0.001779619839104261
 0.001838307833253546
 0.001881048864252577
 0.001906350750256716
 0.001912820935920393
 0.001899187623026619
 0.001864320711337323
 0.001807252309902153
 0.001727196573705161
 0.001623568617811333
 0.001496002261224762
 0.001344366355584063
 0.001168779459663087
 969.6226294472819520E-6
 747.5501053139361150E-6
 503.4976925179967110E-6
 238.6886486973177170E-6
-45.36308765129457750E-6
-346.8524709609600900E-6
-663.6858426810501900E-6
-993.4864363194833460E-6
-0.001333602954806406
-0.001681121250614273
-0.002032879106810877
-0.002385484083968787
-0.002735334363961301
-0.003078642487512679
-0.003411461848323157
-0.003729715773049778
-0.004029228983788775
-0.004305761208369794
-0.004555042674126570
-0.004772811193232186
-0.004954850522543639
-0.005097029658534142
-0.005195342708621676
-0.005245948964318500
-0.005245212789386214
-0.005189742927804109
-0.005076430832025161
-0.004902487611840258
-0.004665479208288793
-0.004363359405485047
-0.003994500305970252
-0.003557719912193628
-0.003052306477867537
-0.002478039318076868
-0.001835205795947606
-0.001124614236144511
-347.6025511772799060E-6
 493.9575948873479090E-6
 0.001397661219559087
 0.002360575142880309
 0.003379247842224281
 0.004449724040778997
 0.005567563982652421
 0.006727867300395598
 0.007925301333879328
 0.009154133713390838
 0.010408268975049722
 0.011681288933679312
 0.012966496497597364
 0.014256962571875753
 0.015545575661902853
 0.016825093757973444
 0.018088198054502132
 0.019327548034637973
 0.020535837432835987
 0.021705850574552790
 0.022830518583861405
 0.023902974946555196
 0.024916609918305289
 0.025865123274662994
 0.026742574912118691
 0.027543432826935114
 0.028262618020910520
 0.028895545910379388
 0.029438163846356068
 0.029886984389453242
 0.030239114022692967
 0.030492277028167567
 0.030644834299249947
 0.030695796908219566
 0.030644834299249947
 0.030492277028167567
 0.030239114022692967
 0.029886984389453242
 0.029438163846356068
 0.028895545910379388
 0.028262618020910520
 0.027543432826935114
 0.026742574912118691
 0.025865123274662994
 0.024916609918305289
 0.023902974946555196
 0.022830518583861405
 0.021705850574552790
 0.020535837432835987
 0.019327548034637973
 0.018088198054502132
 0.016825093757973444
 0.015545575661902853
 0.014256962571875753
 0.012966496497597364
 0.011681288933679312
 0.010408268975049722
 0.009154133713390838
 0.007925301333879328
 0.006727867300395598
 0.005567563982652421
 0.004449724040778997
 0.003379247842224281
 0.002360575142880309
 0.001397661219559087
 493.9575948873479090E-6
-347.6025511772799060E-6
-0.001124614236144511
-0.001835205795947606
-0.002478039318076868
-0.003052306477867537
-0.003557719912193628
-0.003994500305970252
-0.004363359405485047
-0.004665479208288793
-0.004902487611840258
-0.005076430832025161
-0.005189742927804109
-0.005245212789386214
-0.005245948964318500
-0.005195342708621676
-0.005097029658534142
-0.004954850522543639
-0.004772811193232186
-0.004555042674126570
-0.004305761208369794
-0.004029228983788775
-0.003729715773049778
-0.003411461848323157
-0.003078642487512679
-0.002735334363961301
-0.002385484083968787
-0.002032879106810877
-0.001681121250614273
-0.001333602954806406
-993.4864363194833460E-6
-663.6858426810501900E-6
-346.8524709609600900E-6
-45.36308765129457750E-6
 238.6886486973177170E-6
 503.4976925179967110E-6
 747.5501053139361150E-6
 969.6226294472819520E-6
 0.001168779459663087
 0.001344366355584063
 0.001496002261224762
 0.001623568617811333
 0.001727196573705161
 0.001807252309902153
 0.001864320711337323
 0.001899187623026619
 0.001912820935920393
 0.001906350750256716
 0.001881048864252577
 0.001838307833253546
 0.001779619839104261
 0.001706555601657092
 0.001620743554182833
 0.001523849492185863
 0.001417556890975493
 0.001303548071539328
 0.001183486377049586
 0.001058999503963729
 931.6641124162380260E-6
 802.9918207000058600E-6
 674.4166683631932530E-6
 547.2841120554019200E-6
 422.8415979922809240E-6
 302.2307350067436000E-6
 186.4810728405271620E-6
 76.50547180939794600E-6
-26.90296756148935490E-6
-123.0724627184279850E-6
-211.4526579420790140E-6
-291.6133604071935680E-6
-363.2419920674061590E-6
-426.1398564903528270E-6
-480.2173285909900640E-6
-525.4880823247048060E-6
-562.0624767949649370E-6
-590.1402249133395800E-6
-610.0024707542485200E-6
-622.0034021243002370E-6
-626.5615236863536670E-6
-624.1507133282184440E-6
-615.2911804467989900E-6
-600.5404395450796070E-6
-580.4844061374619740E-6
-555.7287145629949240E-6
-526.8903490574218720E-6
-494.5896704795916320E-6
-459.4429115740672390E-6
-422.0552037285952450E-6
-383.0141879997024150E-6
-342.8842528759275300E-6
-302.2014309646282300E-6
-261.4689766567049670E-6
-221.1536369673763720E-6
-181.6826182842019930E-6
-143.4412427790248050E-6
-106.7712798499979380E-6
-71.96993023263242150E-6
-39.28943342134520830E-6
-8.937262828660507810E-6
 18.92313228183024520E-6
 44.17108359340197410E-6
 66.72700844603660640E-6
 86.55031444948227200E-6
 103.6369579453091200E-6
 118.0167113837493100E-6
 129.7501949983630140E-6
 138.9257277171186050E-6
 145.6560510917122430E-6
 150.0749782144358730E-6
 152.3340171863191300E-6
 152.5990157690948480E-6
 151.0468704679460640E-6
 147.8623395256131520E-6
 143.2349952361844030E-6
 137.3563466838177190E-6
 130.4171595518785690E-6
 122.6049951037154240E-6
 114.1019858767997160E-6
 105.0828611228270400E-6
 95.71323062865124600E-6
 86.14813132257010860E-6
 76.53083705777507360E-6
 66.99192821388864160E-6
 57.64861430622897130E-6
 48.60429967191230100E-6
 39.94837953659178710E-6
 31.75625137329452490E-6
 24.08952445664239410E-6
 16.99640889652749820E-6
 10.51226420377886580E-6
 4.660286589504759820E-6
-547.6862826632407180E-9
-5.110274503340197500E-6
-9.035580296245505850E-6
-12.34015827841212600E-6
-15.04795153032913820E-6
-17.18921237760915590E-6
-18.79942554488860650E-6
-19.91824992154345250E-6
-20.58849361172826060E-6
-20.85513526258133150E-6
-20.76440290806457510E-6
-20.36291976472901060E-6
-19.69692460117739330E-6
-18.81157250474674570E-6
-17.75032011436421440E-6
-16.55439770253448730E-6
-15.26236889414084880E-6
-13.90977732439435500E-6
-12.52887817898863080E-6
-11.14845133932145060E-6
-9.793691784394125580E-6
-8.486171985447558800E-6
-7.243870273270526460E-6
-6.081258562264615360E-6
-5.009442377889393500E-6
-4.036345850649966320E-6
-3.166934203658224870E-6
-2.403466263310547910E-6
-1.745769653350997870E-6

