 425.4762190582905530E-9
 1.056929531799966960E-6
 1.229783664042894520E-6
 790.9114086578279060E-9
-104.7560885434776030E-9
-1.041643259570295580E-6
-1.539496005716132650E-6
-1.304678186520535020E-6
-402.9743001385334080E-9
 748.4034085964797210E-9
 1.579458910595379130E-6
 1.660761668165439130E-6
 935.9514957161951540E-9
-237.7402880491577260E-9
-1.271566104616569160E-6
-1.656663968614103140E-6
-1.234490607615564840E-6
-273.4658481151256520E-9
 693.8338557584489760E-9
 1.180071086602008990E-6
 1.017271980575040310E-6
 430.7779375210798210E-9
-133.1066930185060930E-9
-318.3347826970157260E-9
-107.2438094401019980E-9
 167.1103477024572900E-9
 71.74503064178664150E-9
-563.7793808413016450E-9
-1.423259804054556990E-6
-1.810810735528735280E-6
-1.083569644812177880E-6
 824.7634360671722790E-9
 3.139089206829522640E-6
 4.489815539193551250E-6
 3.640340984794586450E-6
 339.6729775416199000E-9
-4.219964242844867820E-6
-7.730176770837880800E-6
-7.865576740628689830E-6
-3.664288933962853270E-6
 3.577686883591652660E-6
 10.53523525124487220E-6
 13.30761829022894640E-6
 9.501666935248982430E-6
-127.8483891454782650E-9
-11.49552545723832960E-6
-18.82541808434644540E-6
-17.51250940944406410E-6
-6.820615840785128720E-6
 9.097468418904933070E-6
 22.67589359157344120E-6
 26.47396704525471380E-6
 17.15229582792572670E-6
-2.199566004153637790E-6
-22.85329579273319210E-6
-34.32343612000141060E-6
-29.64823606256801720E-6
-9.427578910081662040E-6
 17.66051225693219000E-6
 38.51702408945322280E-6
 41.95762269162191420E-6
 24.66393279752559660E-6
-6.402688243543738440E-6
-36.70209717624512540E-6
-50.95606591001306640E-6
-40.90057485739755090E-6
-9.991290519973651030E-6
 27.59454558376085490E-6
 53.52077038996965540E-6
 54.36656099436798680E-6
 28.66434249259595650E-6
-11.83963311549988080E-6
-47.62350974410706780E-6
-60.99841152740363270E-6
-45.07670432228490400E-6
-7.444370041173968390E-6
 33.49865935411324360E-6
 57.77857345542756210E-6
 53.94306574238720490E-6
 24.75231048521547450E-6
-14.52603900993387320E-6
-44.28930009575893220E-6
-50.83471096201148500E-6
-33.13856964116376250E-6
-2.578407760797451600E-6
 24.06380745580715090E-6
 34.20112853975405190E-6
 26.07328374965323190E-6
 8.610404619237620240E-6
-5.221288738324139090E-6
-7.344911520543341510E-6
-79.04317091874018790E-12
 6.073907295484263000E-6
-104.3421263559501710E-9
-20.27526555713433250E-6
-42.89692401396820290E-6
-48.43773246415658210E-6
-22.13902031654454210E-6
 33.07284970388013080E-6
 92.44741285117557080E-6
 119.0521913374115430E-6
 84.29594102050674560E-6
-11.21528254384546490E-6
-129.6154648963102430E-6
-208.6053621334423270E-6
-192.2596072370046160E-6
-65.43708129529606760E-6
 127.7567823569093410E-6
 295.6624038418361240E-6
 340.4543877014360760E-6
 211.5993466354706810E-6
-56.48790281121386410E-6
-346.7276180130602940E-6
-507.7350202995447150E-6
-429.8381490045301230E-6
-111.8549653566468290E-6
 319.4252590576737700E-6
 655.5424527223743780E-6
 704.1443292491061360E-6
 393.8171533554444180E-6
-169.1233627796370340E-6
-729.5269379294825280E-6
-995.4025219282492570E-6
-785.7724750152974590E-6
-141.3674497395574010E-6
 665.4080391698579430E-6
 0.001240378902915640
 0.001255998019660055
 630.1608680012309380E-6
-399.1253456123687330E-6
-0.001355512598895220
-0.001739871185177905
-0.001284558395247969
-119.5472691793556240E-6
 0.001246109668626071
 0.002140005875949859
 0.002051472790325490
 911.6264727200779130E-6
-820.5907919265257530E-6
-0.002332542392590109
-0.002832299004501847
-0.001954152196778232
 8.402854657025576660E-6
 0.002179832686109811
 0.003484046681019315
 0.003168654171053333
 0.001220705814718346
-0.001548564359469987
-0.003827571765803436
-0.004415165933063979
-0.002838881126712260
 331.1585853972749760E-6
 0.003662343342294051
 0.005493115242505980
 0.004746586213390664
 0.001532693759241575
-0.002785477805511625
-0.006148688493647380
-0.006765091381314530
-0.004037998355321513
 0.001010826310658077
 0.006085609071915563
 0.008634808991410428
 0.007103447369248098
 0.001818549600330381
-0.004971977243371239
-0.010015291347448366
-0.010570163890061501
-0.005835464330732391
 0.002427275805270018
 0.010474331627924069
 0.014211555274150281
 0.011193338158157202
 0.002048909698751300
-0.009431196968572864
-0.017753877696448300
-0.018210821081441123
-0.009322847406529321
 0.005939383051370800
 0.020905288020969363
 0.027842789372111720
 0.021521367480718475
 0.002198548943026853
-0.023389595741636099
-0.043733626602083110
-0.046557057969300972
-0.023708242150621558
 0.024979932840257853
 0.090514637071108434
 0.156936793900036065
 0.206266872946550134
 0.224472656082481459
 0.206266872946550134
 0.156936793900036065
 0.090514637071108434
 0.024979932840257853
-0.023708242150621558
-0.046557057969300972
-0.043733626602083110
-0.023389595741636099
 0.002198548943026853
 0.021521367480718475
 0.027842789372111720
 0.020905288020969363
 0.005939383051370800
-0.009322847406529321
-0.018210821081441123
-0.017753877696448300
-0.009431196968572864
 0.002048909698751300
 0.011193338158157202
 0.014211555274150281
 0.010474331627924069
 0.002427275805270018
-0.005835464330732391
-0.010570163890061501
-0.010015291347448366
-0.004971977243371239
 0.001818549600330381
 0.007103447369248098
 0.008634808991410428
 0.006085609071915563
 0.001010826310658077
-0.004037998355321513
-0.006765091381314530
-0.006148688493647380
-0.002785477805511625
 0.001532693759241575
 0.004746586213390664
 0.005493115242505980
 0.003662343342294051
 331.1585853972749760E-6
-0.002838881126712260
-0.004415165933063979
-0.003827571765803436
-0.001548564359469987
 0.001220705814718346
 0.003168654171053333
 0.003484046681019315
 0.002179832686109811
 8.402854657025576660E-6
-0.001954152196778232
-0.002832299004501847
-0.002332542392590109
-820.5907919265257530E-6
 911.6264727200779130E-6
 0.002051472790325490
 0.002140005875949859
 0.001246109668626071
-119.5472691793556240E-6
-0.001284558395247969
-0.001739871185177905
-0.001355512598895220
-399.1253456123687330E-6
 630.1608680012309380E-6
 0.001255998019660055
 0.001240378902915640
 665.4080391698579430E-6
-141.3674497395574010E-6
-785.7724750152974590E-6
-995.4025219282492570E-6
-729.5269379294825280E-6
-169.1233627796370340E-6
 393.8171533554444180E-6
 704.1443292491061360E-6
 655.5424527223743780E-6
 319.4252590576737700E-6
-111.8549653566468290E-6
-429.8381490045301230E-6
-507.7350202995447150E-6
-346.7276180130602940E-6
-56.48790281121386410E-6
 211.5993466354706810E-6
 340.4543877014360760E-6
 295.6624038418361240E-6
 127.7567823569093410E-6
-65.43708129529606760E-6
-192.2596072370046160E-6
-208.6053621334423270E-6
-129.6154648963102430E-6
-11.21528254384546490E-6
 84.29594102050674560E-6
 119.0521913374115430E-6
 92.44741285117557080E-6
 33.07284970388013080E-6
-22.13902031654454210E-6
-48.43773246415658210E-6
-42.89692401396820290E-6
-20.27526555713433250E-6
-104.3421263559501710E-9
 6.073907295484263000E-6
-79.04317091874018790E-12
-7.344911520543341510E-6
-5.221288738324139090E-6
 8.610404619237620240E-6
 26.07328374965323190E-6
 34.20112853975405190E-6
 24.06380745580715090E-6
-2.578407760797451600E-6
-33.13856964116376250E-6
-50.83471096201148500E-6
-44.28930009575893220E-6
-14.52603900993387320E-6
 24.75231048521547450E-6
 53.94306574238720490E-6
 57.77857345542756210E-6
 33.49865935411324360E-6
-7.444370041173968390E-6
-45.07670432228490400E-6
-60.99841152740363270E-6
-47.62350974410706780E-6
-11.83963311549988080E-6
 28.66434249259595650E-6
 54.36656099436798680E-6
 53.52077038996965540E-6
 27.59454558376085490E-6
-9.991290519973651030E-6
-40.90057485739755090E-6
-50.95606591001306640E-6
-36.70209717624512540E-6
-6.402688243543738440E-6
 24.66393279752559660E-6
 41.95762269162191420E-6
 38.51702408945322280E-6
 17.66051225693219000E-6
-9.427578910081662040E-6
-29.64823606256801720E-6
-34.32343612000141060E-6
-22.85329579273319210E-6
-2.199566004153637790E-6
 17.15229582792572670E-6
 26.47396704525471380E-6
 22.67589359157344120E-6
 9.097468418904933070E-6
-6.820615840785128720E-6
-17.51250940944406410E-6
-18.82541808434644540E-6
-11.49552545723832960E-6
-127.8483891454782650E-9
 9.501666935248982430E-6
 13.30761829022894640E-6
 10.53523525124487220E-6
 3.577686883591652660E-6
-3.664288933962853270E-6
-7.865576740628689830E-6
-7.730176770837880800E-6
-4.219964242844867820E-6
 339.6729775416199000E-9
 3.640340984794586450E-6
 4.489815539193551250E-6
 3.139089206829522640E-6
 824.7634360671722790E-9
-1.083569644812177880E-6
-1.810810735528735280E-6
-1.423259804054556990E-6
-563.7793808413016450E-9
 71.74503064178664150E-9
 167.1103477024572900E-9
-107.2438094401019980E-9
-318.3347826970157260E-9
-133.1066930185060930E-9
 430.7779375210798210E-9
 1.017271980575040310E-6
 1.180071086602008990E-6
 693.8338557584489760E-9
-273.4658481151256520E-9
-1.234490607615564840E-6
-1.656663968614103140E-6
-1.271566104616569160E-6
-237.7402880491577260E-9
 935.9514957161951540E-9
 1.660761668165439130E-6
 1.579458910595379130E-6
 748.4034085964797210E-9
-402.9743001385334080E-9
-1.304678186520535020E-6
-1.539496005716132650E-6
-1.041643259570295580E-6
-104.7560885434776030E-9
 790.9114086578279060E-9
 1.229783664042894520E-6
 1.056929531799966960E-6
 425.4762190582905530E-9

