-1.9626672552280123e-07
-1.1963483395833724e-08
-1.2291373816709499e-08
-1.2598486165277311e-08
-1.2887548137431813e-08
-1.3150154326904824e-08
-1.3394738775568545e-08
-1.3606937334089248e-08
-1.3800885425742652e-08
-1.3956018312625385e-08
-1.4092015159798812e-08
-1.418217772982024e-08
-1.42516420291162e-08
-1.4267478589258765e-08
-1.426036836613653e-08
-1.419146620254018e-08
-1.4097252384657123e-08
-1.3933370349984344e-08
-1.3742733915323219e-08
-1.3476074117171497e-08
-1.3183500846515265e-08
-1.2811404767025624e-08
-1.2417473927495778e-08
-1.1943799155999702e-08
-1.145466540275826e-08
-1.0885496533405809e-08
-1.0302915675192528e-08
-9.62858897667345e-09
-8.919991031200772e-09
-8.067860847006648e-09
-7.095814467222288e-09
-5.828482182291374e-09
-5.193466662580113e-09
-3.907818201878877e-09
-2.7212115707983332e-09
-1.4057499945215477e-09
-5.674283785691532e-11
1.427850397160997e-09
2.947076233490808e-09
4.609026365303092e-09
6.307020681109334e-09
8.155244522901681e-09
1.004134086136387e-08
1.2085261492399669e-08
1.4168563955388643e-08
1.6416599129298135e-08
1.8704481605202593e-08
2.1162454269689213e-08
2.3658948753386828e-08
2.6329226889570885e-08
2.9035445186403365e-08
3.191891311700967e-08
3.483684699391756e-08
3.793826076976417e-08
4.107692103416287e-08
4.440983152447082e-08
4.778572291662216e-08
5.136534503896405e-08
5.4985042239881967e-08
5.880011864808104e-08
6.26293324071215e-08
6.663419790514e-08
7.067031317355538e-08
7.50517410921962e-08
7.928876616170722e-08
8.381413405838103e-08
8.834997985712721e-08
9.309682590204362e-08
9.786411264750444e-08
1.0284463818749903e-07
1.078418276430879e-07
1.1305402255270053e-07
1.1827818716000917e-07
1.2371778360654749e-07
1.291632175770942e-07
1.348229812890225e-07
1.4048096211932936e-07
1.4635102777376299e-07
1.5221130712189184e-07
1.5828175554258643e-07
1.6433534786118833e-07
1.705984665246523e-07
1.7683845643301184e-07
1.8328695983102522e-07
1.8970369143667424e-07
1.9632343658768784e-07
2.0289728265127245e-07
2.096641821190452e-07
2.1637058530210407e-07
2.2326626793132966e-07
2.300990142552058e-07
2.371272291937374e-07
2.44081581218913e-07
2.511958911172753e-07
2.581768930300493e-07
2.6540648794977773e-07
2.724705187276921e-07
2.7971249363681393e-07
2.868281561287308e-07
2.940934998665262e-07
3.0121849653095126e-07
3.084817977272018e-07
3.1558679253592997e-07
3.22817429137129e-07
3.2987083563182087e-07
3.370365271353883e-07
3.440058882462558e-07
3.5107440142742517e-07
3.579277202121692e-07
3.6486679473076494e-07
3.7157088119275395e-07
3.783454816954859e-07
3.8486263792337354e-07
3.91432370097591e-07
3.9772029352821535e-07
4.040427988530451e-07
4.100611150764865e-07
4.16098953555795e-07
4.218120517123544e-07
4.275275265415068e-07
4.328902346584229e-07
4.382283727273168e-07
4.43182656713022e-07
4.4809863933855265e-07
4.5262453298136143e-07
4.570975093552261e-07
4.611010669777048e-07
4.650647095184876e-07
4.6855118630665744e-07
4.719398287877262e-07
4.7484268764495994e-07
4.776201786484755e-07
4.798841267139803e-07
4.820003519652014e-07
4.835750018597328e-07
4.849798809797507e-07
4.858153362627782e-07
4.864585891068008e-07
4.865036772874194e-07
4.863330194868465e-07
4.855345563133984e-07
4.844963838393397e-07
4.828013038386413e-07
4.808440262430131e-07
4.782024332513313e-07
4.752772409093462e-07
4.71639749452967e-07
4.6769502206107953e-07
4.6300735043795763e-07
4.5798781075561896e-07
4.5219768058854384e-07
4.460579741979752e-07
4.391261716004811e-07
4.318248440730469e-07
4.2369710767703354e-07
4.1516946124760513e-07
4.05797455442579e-07
3.960310951990823e-07
3.8536297242651776e-07
3.7428336173511353e-07
3.622993773876125e-07
3.4986874602957225e-07
3.36518746418869e-07
3.227047924611004e-07
3.0795056625232216e-07
2.927175683844519e-07
2.7652406714270803e-07
2.5983789854800075e-07
2.421725115415269e-07
2.240026158149907e-07
2.0483721794953374e-07
1.8515794984642263e-07
1.6446910412526852e-07
1.4325840070570883e-07
1.2102468573328773e-07
9.826176899116872e-08
7.446389572624997e-08
5.0132756104231776e-08
2.475947420692187e-08
-1.1463311616270433e-09
-2.8098668677334276e-08
-5.558359688045977e-08
-8.412232176714974e-08
-1.1319344340042513e-07
-1.433175833228654e-07
-1.7396153732211582e-07
-2.056542791872393e-07
-2.3786842473245382e-07
-2.7113500206232347e-07
-3.048863815342227e-07
-3.396937845074014e-07
-3.7498031996818087e-07
-4.112975925500221e-07
-4.480845871692585e-07
-4.858859218868089e-07
-5.241363506329303e-07
-5.633838197494001e-07
-6.030553628762781e-07
-6.437027920043463e-07
-6.847458185790977e-07
-7.267404672297089e-07
-7.690994069403042e-07
-8.123828457381025e-07
-8.559959687660097e-07
-9.005021498449596e-07
-9.452983260058728e-07
-9.909510512907484e-07
-1.0368498995738697e-06
-1.083566280456637e-06
-1.1304834577177571e-06
-1.178177211640156e-06
-1.2260221949553969e-06
-1.2745956019287035e-06
-1.3232631539391276e-06
-1.3726076598636229e-06
-1.4219913241082466e-06
-1.4720015657114828e-06
-1.5219868750853285e-06
-1.572532067215757e-06
-1.6229873897288624e-06
-1.673955945459531e-06
-1.7247504792931291e-06
-1.7759915651034327e-06
-1.8269950224898783e-06
-1.8783663919423585e-06
-1.929426287760848e-06
-1.9807792397059722e-06
-2.031739787679313e-06
-2.082916480393616e-06
-2.1336165130767626e-06
-2.184452200814629e-06
-2.2347230424436965e-06
-2.285044774300542e-06
-2.3347092184696184e-06
-2.3843360787342048e-06
-2.4332105988008412e-06
-2.481957152902437e-06
-2.5298543429521666e-06
-2.577530321371599e-06
-2.6242556073311374e-06
-2.6706616086987655e-06
-2.7160117371029463e-06
-2.7609429736090832e-06
-2.8047135903112164e-06
-2.8479649494650278e-06
-2.889946023724082e-06
-2.931300154193616e-06
-2.9712713764202865e-06
-3.010512999803297e-06
-3.0482632492399328e-06
-3.0851704530257523e-06
-3.120464009980075e-06
-3.1548178208896956e-06
-3.187436896181982e-06
-3.21899988098488e-06
-3.248718750936152e-06
-3.277265197456492e-06
-3.3038515259059408e-06
-3.3291523542502233e-06
-3.3523742762919013e-06
-3.3741972021196375e-06
-3.393822145438718e-06
-3.4119349417233715e-06
-3.4277316779161685e-06
-3.4419043391838335e-06
-3.45364373617732e-06
-3.4636472209584453e-06
-3.471100084791835e-06
-3.4767055118372682e-06
-3.4796444645491633e-06
-3.4806273859007457e-06
-3.4788311817218156e-06
-3.474972536517599e-06
-3.4682225805592877e-06
-3.4593037551900397e-06
-3.4473839701528605e-06
-3.433195003978619e-06
-3.4159015356561163e-06
-3.3962396021263236e-06
-3.373366907471643e-06
-3.3480296678992992e-06
-3.3193889393026056e-06
-3.2881945446372507e-06
-3.2535929322130625e-06
-3.216359325567537e-06
-3.1756303204934187e-06
-3.1321823508756576e-06
-3.08515966417362e-06
-3.0353398073213436e-06
-2.981867869726945e-06
-2.925529420769506e-06
-2.8654675327281746e-06
-2.802476607359094e-06
-2.735697370851237e-06
-2.6659328298168258e-06
-2.5923216366050135e-06
-2.515676225035095e-06
-2.435134244627617e-06
-2.3515179691517194e-06
-2.263963850840983e-06
-2.1733032393632425e-06
-2.078670742270181e-06
-1.9809074286990815e-06
-1.8791476400635238e-06
-1.7742437764267493e-06
-1.6653297412910142e-06
-1.5532667948032103e-06
-1.437186785059464e-06
-1.317962295245924e-06
-1.1947279135293716e-06
-1.0683678864195657e-06
-9.380127859890493e-07
-8.045546915933252e-07
-6.671305148802495e-07
-5.266470721443143e-07
-3.8222773656613945e-07
-2.3480112702095623e-07
-8.349228738775973e-08
7.076642885662813e-08
2.288419387946898e-07
3.897946319247816e-07
5.544893992788797e-07
7.219754115435699e-07
8.931166052360847e-07
1.0669500273369182e-06
1.2443381884371551e-06
1.4243060854544897e-06
1.6077153454936552e-06
1.793579502067085e-06
1.9827591682115994e-06
2.1742558205512363e-06
2.368928082289032e-06
2.5657648451136323e-06
2.765623485092311e-06
2.967481505001903e-06
3.172195674967426e-06
3.378730846515282e-06
3.587940780638478e-06
3.798777532460014e-06
4.01209509814796e-06
4.226835568220617e-06
4.443850649610527e-06
4.6620668653116295e-06
4.882334687580129e-06
5.10357413095811e-06
5.326632841461342e-06
5.550410029971197e-06
5.775763434993172e-06
6.001577094425287e-06
6.228703331156109e-06
6.456021126368229e-06
6.684376881556724e-06
6.912639996428308e-06
7.141655273312682e-06
7.370280902456804e-06
7.599361404427606e-06
7.82774412921169e-06
8.056273222138464e-06
8.283784785714123e-06
8.511122349938649e-06
8.73711125264469e-06
8.962595198551852e-06
9.186389751178229e-06
9.409339095915332e-06
9.630248290050117e-06
9.849961394304197e-06
1.0067273353258115e-05
1.0283030159691455e-05
1.049601861750612e-05
1.0707085755478872e-05
1.0915007478886823e-05
1.1120631534026927e-05
1.1322727034268894e-05
1.1522145874836401e-05
1.1717646865921523e-05
1.1910081005232071e-05
1.2098203406090984e-05
1.2282871926704268e-05
1.2462824501149938e-05
1.2638928581183917e-05
1.2809916133359116e-05
1.2976653388425519e-05
1.3137871130149295e-05
1.3294437356507252e-05
1.344507828946558e-05
1.35906665059145e-05
1.3729922678743797e-05
1.3863724643660497e-05
1.3990788449919323e-05
1.4111998294940444e-05
1.422606641057971e-05
1.4333883550105658e-05
1.443415823557712e-05
1.4527787913615174e-05
1.4613478408807575e-05
1.4692135573435181e-05
1.4762463623797648e-05
1.48253767723215e-05
1.4879576507035403e-05
1.4925985438254542e-05
1.4963305070236992e-05
1.499246926694527e-05
1.5012179120799806e-05
1.502337695456283e-05
1.5024763817750704e-05
1.5017295769495369e-05
1.4999675946483444e-05
1.497286766801188e-05
1.4935575879179489e-05
1.4888783428171859e-05
1.4831190498069226e-05
1.4763795205400838e-05
1.4685304002766783e-05
1.4596724089915193e-05
1.4496768970736157e-05
1.4386458645368606e-05
1.426451186183909e-05
1.4131963990373238e-05
1.3987539161154465e-05
1.3832288450924966e-05
1.3664941661139106e-05
1.3486566269220321e-05
1.3295898919250096e-05
1.3094024557056088e-05
1.2879687527308787e-05
1.2653990183236029e-05
1.2415684266303574e-05
1.2165890223171383e-05
1.1903368875286767e-05
1.1629260793218084e-05
1.1342336086992657e-05
1.1043753769109938e-05
1.0732292945957373e-05
1.0409133761809646e-05
1.0073067113366434e-05
9.72529312704682e-06
9.364611480169996e-06
8.99224456285745e-06
8.607007016989307e-06
8.2101406185556e-06
7.800468128954097e-06
7.379260415757759e-06
6.9453484250052686e-06
6.500024917328909e-06
6.042137468498577e-06
5.572998560275361e-06
5.091471129514634e-06
4.598890076019096e-06
4.094131937569484e-06
3.578555388215723e-06
3.0510510951488496e-06
2.5130020365920634e-06
1.9633130573080533e-06
1.403391160755852e-06
8.321553296310665e-07
2.510368583842214e-07
-3.410300692083249e-07
-9.425890877104111e-07
-1.5546912092298732e-06
-2.175856054843616e-06
-2.8071205823338073e-06
-3.4469791912971927e-06
-4.096452882710711e-06
-4.754011226729553e-06
-5.420661522378508e-06
-6.094849161716738e-06
-6.777565205786837e-06
-7.4672293394461425e-06
-8.164819969392065e-06
-8.868734187292444e-06
-9.579932615325203e-06
-1.029678724324544e-05
-1.102024977350821e-05
-1.1748663062864389e-05
-1.2482966217426562e-05
-1.3221480961205029e-05
-1.3965129658924977e-05
-1.4712213306454786e-05
-1.5463639704949105e-05
-1.62176874620743e-05
-1.697525178393494e-05
-1.7734589377324936e-05
-1.8496583525459435e-05
-1.925946926314037e-05
-2.0024118106054894e-05
-2.0788743992946723e-05
-2.1554207667582716e-05
-2.2318703609762083e-05
-2.3083082753607944e-05
-2.3845520043421377e-05
-2.4606856412294994e-05
-2.5365247927638592e-05
-2.61215278908242e-05
-2.687383544752319e-05
-2.7622995898607583e-05
-2.8367130814967702e-05
-2.910705932018937e-05
-2.9840888872279623e-05
-3.0569433154964186e-05
-3.129078301305716e-05
-3.200574765207966e-05
-3.271240760913007e-05
-3.341156774884237e-05
-3.410129327110536e-05
-3.478239227082039e-05
-3.545291613090016e-05
-3.6113671440796854e-05
-3.67627026442526e-05
-3.740081448939706e-05
-3.8026045017652846e-05
-3.8639200371198956e-05
-3.923831180262438e-05
-3.982418868762554e-05
-4.039485691243508e-05
-4.095113102570993e-05
-4.1491033405126545e-05
-4.2015385184022844e-05
-4.252220628374209e-05
-4.3012325167067684e-05
-4.3483761080979384e-05
-4.39373523779354e-05
-4.437111987339863e-05
-4.478591306269862e-05
-4.5179754548295396e-05
-4.555350652645663e-05
-4.5905196718468184e-05
-4.623570230974195e-05
-4.654305617721296e-05
-4.682815072162688e-05
-4.708902740945035e-05
-4.732659815911378e-05
-4.75389128666833e-05
-4.7726901114344435e-05
-4.788862627918025e-05
-4.8025040445114334e-05
-4.8134215721439013e-05
-4.821713120732508e-05
-4.827187304533494e-05
-4.8299443507121056e-05
-4.829794756676704e-05
-4.826841213408591e-05
-4.820896150109497e-05
-4.8120650882490354e-05
-4.800162482114688e-05
-4.785296860958056e-05
-4.767284824299764e-05
-4.746238058878137e-05
-4.721975505933868e-05
-4.694612234867031e-05
-4.66396975439255e-05
-4.630166626740403e-05
-4.593027007380922e-05
-4.552673097464245e-05
-4.5089319329516126e-05
-4.4619296160096346e-05
-4.411496149648005e-05
-4.3577615478219334e-05
-4.3005589782161706e-05
-4.2400226934104586e-05
-4.1759891961964695e-05
-4.10859689579745e-05
-4.037685667560865e-05
-3.96339849576583e-05
-3.885578909190338e-05
-3.804374201277238e-05
-3.719631669837472e-05
-3.631503561404298e-05
-3.539840604523246e-05
-3.4448000354473943e-05
-3.3462365961166596e-05
-3.244312235932653e-05
-3.138885955772024e-05
-3.030124561429539e-05
-2.9178912307967277e-05
-2.802357833104139e-05
-2.683391794773401e-05
-2.56117018515892e-05
-2.4355647605121492e-05
-2.3067578249697858e-05
-2.1746254780095694e-05
-2.0393552927608575e-05
-1.900827847414959e-05
-1.7592360915143993e-05
-1.614465102474302e-05
-1.4667131656820125e-05
-1.3158698460534335e-05
-1.1621389107098284e-05
-1.0054145134569296e-05
-8.459057958571509e-06
-6.83511382626352e-06
-5.184458766088744e-06
-3.5061256807016814e-06
-1.8023146755771999e-06
-7.210252205539459e-08
1.6822563275624206e-06
3.461638176525222e-06
5.263736572223171e-06
7.089384352111957e-06
8.93621846456233e-06
1.0805030469424627e-05
1.269340444814747e-05
1.460208740047454e-05
1.652861364069517e-05
1.84736859205717e-05
2.0434788358337024e-05
2.2412581822350577e-05
2.4404500959975243e-05
2.6411166447972303e-05
2.842996451298074e-05
3.0461476483023503e-05
3.2503041080717865e-05
3.455520173317611e-05
3.6615251995326015e-05
3.868369912635404e-05
4.0757792633037055e-05
4.2838004690959595e-05
4.492154266892773e-05
4.700884677609702e-05
4.909708414975895e-05
5.11866635016821e-05
5.327471337253886e-05
5.536161453138648e-05
5.744446025164119e-05
5.9523604188474166e-05
6.159610496991164e-05
6.366229329859856e-05
6.571919757705377e-05
6.776712512485663e-05
6.980307600098197e-05
7.182734121718812e-05
7.383689190510879e-05
7.583200438081204e-05
7.780962714893505e-05
7.977002188068416e-05
8.171011888506076e-05
8.363016886945067e-05
8.55270856246409e-05
8.740111255508534e-05
8.924914953209992e-05
9.10714362394514e-05
9.286486233150752e-05
9.46296673776479e-05
9.636273393439797e-05
9.806430417536034e-05
9.973125728581807e-05
0.00010136384216059109
0.00010295893847394489
0.0001045168048854476
0.00010603432420724002
0.00010751176928473302
0.00010894603108510707
0.00011033739992913598
0.00011168277728122504
0.00011298247463404486
0.00011423340954548084
0.00011543591905974538
0.0001165869385563668
0.0001176868341552106
0.00011873256584322277
0.00011972453159090971
0.00012065971702430809
0.00012153855997286733
0.00012235807501066972
0.00012311874140499263
0.00012381760956233732
0.00012445520196372218
0.00012502860900793957
0.000125538401557858
0.00012598171330704643
0.0001263591680972548
0.0001266679463673204
0.00012690872858197498
0.000127078745785745
0.0001271787393997947
0.00012720599542326365
0.0001271613195231665
0.00012704205602417597
0.00012684907871210677
0.00012657979475517162
0.00012623515028521983
0.00012581261781886822
0.00012531321879104526
0.0001247344957714722
0.0001240775500308301
0.00012333999699043978
0.00012252301975709332
0.00012162431054792398
0.00012064513946806362
0.00011958327794949282
0.00011844008433615272
0.00011721341470095769
0.00011590471982169718
0.00011451193958135356
0.00011303662220878911
0.00011147679532605938
0.0001098341049351484
0.00010810667172911422
0.00010629624108500405
0.00010440102856552021
0.00010242288209144966
0.00010036011379201607
9.821467703644273e-05
9.598498279708854e-05
9.367309183622434e-05
9.127751545827391e-05
8.880042352486634e-05
8.624043015063885e-05
8.3599816106456e-05
8.087729948767827e-05
7.80752727076469e-05
7.519255920705833e-05
7.223166549702035e-05
6.919152136306198e-05
6.607474705246133e-05
6.288037927542147e-05
5.961115384882351e-05
5.626621576019082e-05
5.284841566121036e-05
4.935700609880474e-05
4.5794954251490376e-05
4.216162101514188e-05
3.8460087486853456e-05
3.4689823233361606e-05
3.085402582464079e-05
2.6952270144043645e-05
2.2987869863354475e-05
1.8960506049662445e-05
1.4873604912624028e-05
1.0726954353566231e-05
6.524092017777392e-06
2.2649106449892063e-06
-2.0469415623075187e-06
-6.411469442886227e-06
-1.0824915935544966e-05
-1.5287185189180462e-05
-1.979441299757562e-05
-2.4346405237284318e-05
-2.893919366598889e-05
-3.357248826034588e-05
-3.824221895954785e-05
-4.2948002261439425e-05
-4.768566980162012e-05
-5.245474875027367e-05
-5.7250974981141695e-05
-6.207378871183914e-05
-6.691883413247448e-05
-7.178546935210451e-05
-7.666925080752422e-05
-8.156945725076162e-05
-8.648156140897233e-05
-9.140476852936913e-05
-9.633447168051312e-05
-0.00010126980517163139
-0.00010620608886566684
-0.00011114239260899118
-0.00011607396514267703
-0.00012099981836104235
-0.00012591513581500837
-0.00013081887463780334
-0.00013570616091404728
-0.00014057590214140513
-0.00014542317237307837
-0.00015024683595246503
-0.00015504192015063523
-0.00015980725268406403
-0.0001645378205667187
-0.00016923242151721383
-0.00017388600839972156
-0.00017849735503468062
-0.00018306138734694872
-0.00018757686250006766
-0.00019203868650012355
-0.00019644560613293183
-0.00020079251411403217
-0.0002050781552547327
-0.00020929741679850267
-0.00021344904800474544
-0.00021752793740587769
-0.00022153284676192824
-0.00022545867446957657
-0.00022930420190203375
-0.0002330643439992095
-0.00023673791074322798
-0.0002403198425977835
-0.00024380898385994624
-0.0002472003082603133
-0.0002504927048611403
-0.00025368118671017094
-0.00025676469609776584
-0.0002597382950229681
-0.0002626009848812242
-0.00026534788595874737
-0.00026797806692844655
-0.00027048671418125636
-0.0002728729726366688
-0.0002751321024114042
-0.0002772633327289966
-0.00027926200559444766
-0.0002811274432503815
-0.00028285507799486105
-0.00028444433259245316
-0.00028589073759627146
-0.00028719382461155876
-0.0002883492312507995
-0.00028935660589993325
-0.00029021169993430807
-0.0002909142866023455
-0.0002914602399765337
-0.0002918494661038879
-0.00029207796874934037
-0.0002921457939956987
-0.0002920490837921001
-0.0002917880321301969
-0.00029135892510542306
-0.00029076211185637883
-0.00028999403193458157
-0.0002890551958681451
-0.00028794220212288474
-0.00028665573167196864
-0.0002851925474768996
-0.00028355350698554857
-0.0002817355461854584
-0.0002797397037831747
-0.0002775630954964522
-0.00027520694751231726
-0.0002726685606062227
-0.0002699493550070614
-0.0002670468221671407
-0.00026396258172457483
-0.0002606943206201157
-0.00025724386313512093
-0.0002536090973058514
-0.00024979205667119306
-0.0002457908345477486
-0.0002416076775914501
-0.00023724088915692934
-0.00023269293401842472
-0.0002279623285943979
-0.00022305175853950984
-0.00021795995707673098
-0.0002126898345070681
-0.0002072403436855322
-0.000201614621399124
-0.000195811842902193
-0.00018983537495341496
-0.00018368461644477455
-0.00017736316436991608
-0.00017087064430046242
-0.00016421088526860623
-0.0001573837386639055
-0.0001503932680006237
-0.0001432395507130894
-0.00013592688359073828
-0.00012845557187851799
-0.00012083014448900471
-0.00011305113414657589
-0.00010512330147238294
-9.704740475851694e-05
-8.882843523200098e-05
-8.046737530032193e-05
-7.196944524250953e-05
-6.333584901795126e-05
-5.457203301322022e-05
-4.567942045530975e-05
-3.666368120293062e-05
-2.7526454649699755e-05
-1.827362968902728e-05
-8.907057487251035e-06
5.671570713557448e-07
1.01469551721146e-05
1.9826021317269116e-05
2.9602094315535574e-05
3.946865291406921e-05
4.942323857844747e-05
5.9459130904799303e-05
6.957368089296948e-05
7.975997417031602e-05
9.001517730054246e-05
0.00010033219061209936
0.00011070800312455943
0.00012113533611552788
0.0001316110106481862
0.0001421275759997492
0.0001526816928981487
0.00016326574889082333
0.00017387625206275438
0.00018450543792797859
0.00019514967140968887
0.00020580104487806928
0.00021645579048937806
0.00022710586776545014
0.00023774738665351442
0.00024837218393979386
0.0002589762580675511
0.0002695513348660418
0.00028009331284224525
0.00029059381833133625
0.000301048660817749
0.00031144937919858247
0.0003217917073038518
0.00033206710877819995
0.0003422712538172693
0.00035239554381568994
0.00036243559887671925
0.00037238277149573523
0.00038223264421197964
0.000391976534091986
0.00040161000117577194
0.00041112434088765276
0.0004205151034153547
0.00042977357775335264
0.00043889531916454057
0.0004478716231888045
0.000456698066302258
0.00046536596531860367
0.0004738709315380585
0.00048220431936745134
0.0004903617891858196
0.0004983347484783323
0.0005061189225689049
0.00051370578674518
0.0005210911467401707
0.0005282665612064566
0.0005352279324077192
0.000541966917820078
0.0005484795312186845
0.0005547575446665572
0.0005607970995110924
0.0005665900988650073
0.000572132826894155
0.0005774173326666488
0.000582440059641855
0.0005871932189087811
0.0005916734284635305
0.0005958730767644705
0.0005997889722041214
0.0006034136969225791
0.0006067442648054369
0.0006097734660786459
0.0006124985362198002
0.0006149124897234781
0.0006170127975901321
0.0006187927137961624
0.0006202499608761187
0.0006213780454960708
0.0006221749571454428
0.0006226344704777483
0.0006227548551116118
0.0006225301689897537
0.0006219589753108159
0.000621035628949929
0.0006197590011033494
0.0006181237568540696
0.0006161290885308119
0.000613769984101921
0.0006110459703748459
0.0006079523713866875
0.0006044890604880557
0.0006006517095580732
0.00059644054997739
0.0005918516138999318
0.0005868855024717991
0.0005815386182523108
0.0005758119430587205
0.0005697022608899361
0.0005632109444321757
0.0005563351685882018
0.0005490767060415152
0.0005414331325632012
0.0005334066302954332
0.000524995183387623
0.0005162013913490002
0.0005070236557361652
0.0004974650002570937
0.0004875242505376192
0.000477204862677508
0.0004665060915446703
0.00045543183145720876
0.0004439817730471104
0.00043216025290733045
0.00041996740308850093
0.00040740800666664114
0.00039448264042930305
0.0003811965379163859
0.00036755072392180647
0.0003535508853053075
0.00033919849641894564
0.00032449969895769913
0.0003094564186950231
0.0002940752533106046
0.00027835858051120864
0.0002623134530730568
0.0002459427002896426
0.00022925382994883251
0.00021225012094403355
0.00019493953380978485
0.00017732579495882616
0.00015941731521607774
0.00014121826527964328
0.00012273750166296864
0.0001039796350309504
8.495396388721794e-05
6.566553338788418e-05
4.61240774472769e-05
2.633507043331119e-05
6.30867486862297e-06
-1.3949213885044234e-05
-3.4428010965305856e-05
-5.512140854974613e-05
-7.601840857896801e-05
-9.71122988460093e-05
-0.00011839167868480845
-0.00013984944099320077
-0.00016147379263552983
-0.00018325724323165716
-0.00020518761869948323
-0.00022725705726738487
-0.00024945301558849
-0.0002717672734294435
-0.00029418693206186816
-0.0003167034265973041
-0.00033930351697502616
-0.000361978307595042
-0.0003847142327291779
-0.0004075020821324928
-0.00043032797950385036
-0.00045318241631657713
-0.0004760512229286164
-0.000498924609929813
-0.0005217881317619828
-0.0005446317354655438
-0.0005674407183587608
-0.0005902047835649377
-0.0006129089898559597
-0.0006355428155674308
-0.000658091101782228
-0.0006805431217675398
-0.0007028835190083745
-0.0007251013839876481
-0.0007471811830910383
-0.0007691118455755708
-0.0007908776834417913
-0.000812467485968546
-0.0008338654342103736
-0.0008550602003296571
-0.0008760358568904559
-0.0008967809824778297
-0.0009172795650445353
-0.0009375201141045383
-0.0009574865567578719
-0.0009771673573727238
-0.0009965464069978346
-0.001015612149928272
-0.00103434846659948
-0.0010527438056175526
-0.0010707820621067205
-0.0010884517154192675
-0.0011057367006440837
-0.0011226255533287235
-0.0011391022745422434
-0.0011551554824246343
-0.0011707692706517735
-0.0011859323655812144
-0.0012006289793658497
-0.0012148479737542585
-0.001228573705832326
-0.0012417951984982746
-0.00125449698111411
-0.001266668264301322
-0.0012782937752119693
-0.0012893629397405244
-0.0012998607089957982
-0.0013097767501941775
-0.001319096265662879
-0.0013278091892330135
-0.0013359010011408873
-0.0013433619285760465
-0.00135017775539712
-0.0013563390278290186
-0.001361831858811334
-0.0013666471398869938
-0.0013707713387967725
-0.0013741957173652034
-0.0013769071230716591
-0.001378897212843003
-0.001380153239463574
-0.0013806672790712645
-0.0013804270133531019
-0.0013794249624447458
-0.0013776492608234177
-0.0013750928958519636
-0.001371744477670766
-0.0013675974835563264
-0.0013626410226073068
-0.001356869084343669
-0.0013502712979902444
-0.0013428421871986794
-0.0013345719229247313
-0.001325455582882558
-0.001315483900549252
-0.0013046525283362412
-0.0012929527808123382
-0.0012803809049038123
-0.0012669288150671076
-0.0012525933704761781
-0.0012373671043606602
-0.0012212475046929389
-0.0012042277400709834
-0.0011863059441931747
-0.001167475937131205
-0.0011477365137907481
-0.001127082159915095
-0.0011055123460675554
-0.0010830222379006307
-0.0010596119949662346
-0.001035277475441818
-0.0010100195393691034
-0.0009838347497848343
-0.0009567246784680828
-0.0009286866028001165
-0.0008997228163449873
-0.0008698313203399183
-0.0008390151389467019
-0.0008072730052336106
-0.0007746086806425155
-0.00074102163703769
-0.0007065163797891901
-0.0006710931244659076
-0.0006347571251003986
-0.0005975093458855879
-0.0005593557923851568
-0.0005202981800777354
-0.0004803432691168079
-0.0004394935269857576
-0.00039775646953115157
-0.0003551353166294616
-0.00031163833846125093
-0.00026726950720465983
-0.00022203784540970076
-0.0001759480744327493
-0.00012900996593695916
-8.122898668572867e-05
-3.261565344474022e-05
1.6823827290191265e-05
6.707819994945189e-05
0.00011814052484421403
0.0001699988147475372
0.00022264540444481482
0.000276067584660792
0.0003302569737848223
0.00038520014973434296
0.0004408880258429319
0.0004973064788326221
0.0005544457291735697
0.0006122909650097233
0.0006708317268241554
0.0007300525287231397
0.0007899422462257338
0.0008504847341746546
0.0009116682193819493
0.0009734759146226762
0.001035895414569312
0.0010989093080626864
0.0011625045768049217
0.0012266632040645563
0.001291371578824316
0.0013566110990540941
0.0014223675814769605
0.0014886218614962364
0.001555359205175397
0.0016225599075887693
0.0016902087075953596
0.0017582853840238642
0.001826774173267215
0.0018956543622172487
0.0019649097100992103
0.002034519038037609
0.002104465654674281
0.0021747279423439117
0.0022452887856803396
0.002316126156812711
0.0023872225451808983
0.0024585555406340786
0.0025301072666486747
0.0026018549603508767
0.002673780409469241
0.0027458605291837733
0.0028180768016724967
0.0028904058513130387
0.002962828886784861
0.0030353222730597797
0.0031078669772496743
0.00318043913809509
0.0032530195134349593
0.0033255840485323755
0.0033981133259852383
0.0034705831305909965
0.003542973903867782
0.003615261304283178
0.003687425665480456
0.003759442554940484
0.003831292233229046
0.0039029502112279246
0.0039743967110682475
0.0040456072219395905
0.00411656196330884
0.004187236437756461
0.00425761089713834
0.004327660892776125
0.004397366744487704
0.004466704088343112
0.0045356533465638164
0.004604190275410414
0.004672295435810387
0.004739944739299342
0.0048071189209476905
0.004873794082611111
0.004939951168511881
0.005005566506542923
0.005070621284809326
0.005135092091701658
0.005198960394466813
0.005262203076475951
0.005324801917921805
0.005386734131941857
0.005447981845610445
0.005508522634989523
0.005568339008034792
0.005627408936456833
0.00568571534228325
0.0057432366261831215
0.005799956155428866
0.005855852791828234
0.005910910379995338
0.005965108274318806
0.006018430827584196
0.006070857916778184
0.006122374433396478
0.006172960806904502
0.00622260249668368
0.0062712805133086766
0.0063189809122491695
0.00636568531422338
0.00641138039775355
0.006456048420006786
0.006499676709563825
0.006542248185783053
0.006583750852999477
0.0066241683176395
0.0066634892835307205
0.006701698068366069
0.0067387840987865755
0.00677473242574374
0.006809533220941053
0.006843172290255452
0.006875640570496074
0.0069069246428008525
0.006937016228880089
0.006965902703461475
0.006993576591741792
0.007020026078958403
0.0070452445103590345
0.00706922089893025
0.007091949424767799
0.007113419942936185
0.007133627482386774
0.007152562753753154
0.007170221647698642
0.007186595741701385
0.007201681799277333
0.0072154722753196305
0.007227964815966917
0.007239152762240856
0.007249034650061594
0.007257604714828383
0.007264862389083307
0.007270802807772602
0.007275426305438409
0.007278728920470296
0.007280711893061818
0.007281372168201737
0.007280711893061818
0.007278728920470296
0.007275426305438409
0.007270802807772602
0.007264862389083307
0.007257604714828383
0.007249034650061594
0.007239152762240856
0.007227964815966917
0.0072154722753196305
0.007201681799277333
0.007186595741701385
0.007170221647698642
0.007152562753753154
0.007133627482386774
0.007113419942936185
0.007091949424767799
0.00706922089893025
0.0070452445103590345
0.007020026078958403
0.006993576591741792
0.006965902703461475
0.006937016228880089
0.0069069246428008525
0.006875640570496074
0.006843172290255452
0.006809533220941053
0.00677473242574374
0.0067387840987865755
0.006701698068366069
0.0066634892835307205
0.0066241683176395
0.006583750852999477
0.006542248185783053
0.006499676709563825
0.006456048420006786
0.00641138039775355
0.00636568531422338
0.0063189809122491695
0.0062712805133086766
0.00622260249668368
0.006172960806904502
0.006122374433396478
0.006070857916778184
0.006018430827584196
0.005965108274318806
0.005910910379995338
0.005855852791828234
0.005799956155428866
0.0057432366261831215
0.00568571534228325
0.005627408936456833
0.005568339008034792
0.005508522634989523
0.005447981845610445
0.005386734131941857
0.005324801917921805
0.005262203076475951
0.005198960394466813
0.005135092091701658
0.005070621284809326
0.005005566506542923
0.004939951168511881
0.004873794082611111
0.0048071189209476905
0.004739944739299342
0.004672295435810387
0.004604190275410414
0.0045356533465638164
0.004466704088343112
0.004397366744487704
0.004327660892776125
0.00425761089713834
0.004187236437756461
0.00411656196330884
0.0040456072219395905
0.0039743967110682475
0.0039029502112279246
0.003831292233229046
0.003759442554940484
0.003687425665480456
0.003615261304283178
0.003542973903867782
0.0034705831305909965
0.0033981133259852383
0.0033255840485323755
0.0032530195134349593
0.00318043913809509
0.0031078669772496743
0.0030353222730597797
0.002962828886784861
0.0028904058513130387
0.0028180768016724967
0.0027458605291837733
0.002673780409469241
0.0026018549603508767
0.0025301072666486747
0.0024585555406340786
0.0023872225451808983
0.002316126156812711
0.0022452887856803396
0.0021747279423439117
0.002104465654674281
0.002034519038037609
0.0019649097100992103
0.0018956543622172487
0.001826774173267215
0.0017582853840238642
0.0016902087075953596
0.0016225599075887693
0.001555359205175397
0.0014886218614962364
0.0014223675814769605
0.0013566110990540941
0.001291371578824316
0.0012266632040645563
0.0011625045768049217
0.0010989093080626864
0.001035895414569312
0.0009734759146226762
0.0009116682193819493
0.0008504847341746546
0.0007899422462257338
0.0007300525287231397
0.0006708317268241554
0.0006122909650097233
0.0005544457291735697
0.0004973064788326221
0.0004408880258429319
0.00038520014973434296
0.0003302569737848223
0.000276067584660792
0.00022264540444481482
0.0001699988147475372
0.00011814052484421403
6.707819994945189e-05
1.6823827290191265e-05
-3.261565344474022e-05
-8.122898668572867e-05
-0.00012900996593695916
-0.0001759480744327493
-0.00022203784540970076
-0.00026726950720465983
-0.00031163833846125093
-0.0003551353166294616
-0.00039775646953115157
-0.0004394935269857576
-0.0004803432691168079
-0.0005202981800777354
-0.0005593557923851568
-0.0005975093458855879
-0.0006347571251003986
-0.0006710931244659076
-0.0007065163797891901
-0.00074102163703769
-0.0007746086806425155
-0.0008072730052336106
-0.0008390151389467019
-0.0008698313203399183
-0.0008997228163449873
-0.0009286866028001165
-0.0009567246784680828
-0.0009838347497848343
-0.0010100195393691034
-0.001035277475441818
-0.0010596119949662346
-0.0010830222379006307
-0.0011055123460675554
-0.001127082159915095
-0.0011477365137907481
-0.001167475937131205
-0.0011863059441931747
-0.0012042277400709834
-0.0012212475046929389
-0.0012373671043606602
-0.0012525933704761781
-0.0012669288150671076
-0.0012803809049038123
-0.0012929527808123382
-0.0013046525283362412
-0.001315483900549252
-0.001325455582882558
-0.0013345719229247313
-0.0013428421871986794
-0.0013502712979902444
-0.001356869084343669
-0.0013626410226073068
-0.0013675974835563264
-0.001371744477670766
-0.0013750928958519636
-0.0013776492608234177
-0.0013794249624447458
-0.0013804270133531019
-0.0013806672790712645
-0.001380153239463574
-0.001378897212843003
-0.0013769071230716591
-0.0013741957173652034
-0.0013707713387967725
-0.0013666471398869938
-0.001361831858811334
-0.0013563390278290186
-0.00135017775539712
-0.0013433619285760465
-0.0013359010011408873
-0.0013278091892330135
-0.001319096265662879
-0.0013097767501941775
-0.0012998607089957982
-0.0012893629397405244
-0.0012782937752119693
-0.001266668264301322
-0.00125449698111411
-0.0012417951984982746
-0.001228573705832326
-0.0012148479737542585
-0.0012006289793658497
-0.0011859323655812144
-0.0011707692706517735
-0.0011551554824246343
-0.0011391022745422434
-0.0011226255533287235
-0.0011057367006440837
-0.0010884517154192675
-0.0010707820621067205
-0.0010527438056175526
-0.00103434846659948
-0.001015612149928272
-0.0009965464069978346
-0.0009771673573727238
-0.0009574865567578719
-0.0009375201141045383
-0.0009172795650445353
-0.0008967809824778297
-0.0008760358568904559
-0.0008550602003296571
-0.0008338654342103736
-0.000812467485968546
-0.0007908776834417913
-0.0007691118455755708
-0.0007471811830910383
-0.0007251013839876481
-0.0007028835190083745
-0.0006805431217675398
-0.000658091101782228
-0.0006355428155674308
-0.0006129089898559597
-0.0005902047835649377
-0.0005674407183587608
-0.0005446317354655438
-0.0005217881317619828
-0.000498924609929813
-0.0004760512229286164
-0.00045318241631657713
-0.00043032797950385036
-0.0004075020821324928
-0.0003847142327291779
-0.000361978307595042
-0.00033930351697502616
-0.0003167034265973041
-0.00029418693206186816
-0.0002717672734294435
-0.00024945301558849
-0.00022725705726738487
-0.00020518761869948323
-0.00018325724323165716
-0.00016147379263552983
-0.00013984944099320077
-0.00011839167868480845
-9.71122988460093e-05
-7.601840857896801e-05
-5.512140854974613e-05
-3.4428010965305856e-05
-1.3949213885044234e-05
6.30867486862297e-06
2.633507043331119e-05
4.61240774472769e-05
6.566553338788418e-05
8.495396388721794e-05
0.0001039796350309504
0.00012273750166296864
0.00014121826527964328
0.00015941731521607774
0.00017732579495882616
0.00019493953380978485
0.00021225012094403355
0.00022925382994883251
0.0002459427002896426
0.0002623134530730568
0.00027835858051120864
0.0002940752533106046
0.0003094564186950231
0.00032449969895769913
0.00033919849641894564
0.0003535508853053075
0.00036755072392180647
0.0003811965379163859
0.00039448264042930305
0.00040740800666664114
0.00041996740308850093
0.00043216025290733045
0.0004439817730471104
0.00045543183145720876
0.0004665060915446703
0.000477204862677508
0.0004875242505376192
0.0004974650002570937
0.0005070236557361652
0.0005162013913490002
0.000524995183387623
0.0005334066302954332
0.0005414331325632012
0.0005490767060415152
0.0005563351685882018
0.0005632109444321757
0.0005697022608899361
0.0005758119430587205
0.0005815386182523108
0.0005868855024717991
0.0005918516138999318
0.00059644054997739
0.0006006517095580732
0.0006044890604880557
0.0006079523713866875
0.0006110459703748459
0.000613769984101921
0.0006161290885308119
0.0006181237568540696
0.0006197590011033494
0.000621035628949929
0.0006219589753108159
0.0006225301689897537
0.0006227548551116118
0.0006226344704777483
0.0006221749571454428
0.0006213780454960708
0.0006202499608761187
0.0006187927137961624
0.0006170127975901321
0.0006149124897234781
0.0006124985362198002
0.0006097734660786459
0.0006067442648054369
0.0006034136969225791
0.0005997889722041214
0.0005958730767644705
0.0005916734284635305
0.0005871932189087811
0.000582440059641855
0.0005774173326666488
0.000572132826894155
0.0005665900988650073
0.0005607970995110924
0.0005547575446665572
0.0005484795312186845
0.000541966917820078
0.0005352279324077192
0.0005282665612064566
0.0005210911467401707
0.00051370578674518
0.0005061189225689049
0.0004983347484783323
0.0004903617891858196
0.00048220431936745134
0.0004738709315380585
0.00046536596531860367
0.000456698066302258
0.0004478716231888045
0.00043889531916454057
0.00042977357775335264
0.0004205151034153547
0.00041112434088765276
0.00040161000117577194
0.000391976534091986
0.00038223264421197964
0.00037238277149573523
0.00036243559887671925
0.00035239554381568994
0.0003422712538172693
0.00033206710877819995
0.0003217917073038518
0.00031144937919858247
0.000301048660817749
0.00029059381833133625
0.00028009331284224525
0.0002695513348660418
0.0002589762580675511
0.00024837218393979386
0.00023774738665351442
0.00022710586776545014
0.00021645579048937806
0.00020580104487806928
0.00019514967140968887
0.00018450543792797859
0.00017387625206275438
0.00016326574889082333
0.0001526816928981487
0.0001421275759997492
0.0001316110106481862
0.00012113533611552788
0.00011070800312455943
0.00010033219061209936
9.001517730054246e-05
7.975997417031602e-05
6.957368089296948e-05
5.9459130904799303e-05
4.942323857844747e-05
3.946865291406921e-05
2.9602094315535574e-05
1.9826021317269116e-05
1.01469551721146e-05
5.671570713557448e-07
-8.907057487251035e-06
-1.827362968902728e-05
-2.7526454649699755e-05
-3.666368120293062e-05
-4.567942045530975e-05
-5.457203301322022e-05
-6.333584901795126e-05
-7.196944524250953e-05
-8.046737530032193e-05
-8.882843523200098e-05
-9.704740475851694e-05
-0.00010512330147238294
-0.00011305113414657589
-0.00012083014448900471
-0.00012845557187851799
-0.00013592688359073828
-0.0001432395507130894
-0.0001503932680006237
-0.0001573837386639055
-0.00016421088526860623
-0.00017087064430046242
-0.00017736316436991608
-0.00018368461644477455
-0.00018983537495341496
-0.000195811842902193
-0.000201614621399124
-0.0002072403436855322
-0.0002126898345070681
-0.00021795995707673098
-0.00022305175853950984
-0.0002279623285943979
-0.00023269293401842472
-0.00023724088915692934
-0.0002416076775914501
-0.0002457908345477486
-0.00024979205667119306
-0.0002536090973058514
-0.00025724386313512093
-0.0002606943206201157
-0.00026396258172457483
-0.0002670468221671407
-0.0002699493550070614
-0.0002726685606062227
-0.00027520694751231726
-0.0002775630954964522
-0.0002797397037831747
-0.0002817355461854584
-0.00028355350698554857
-0.0002851925474768996
-0.00028665573167196864
-0.00028794220212288474
-0.0002890551958681451
-0.00028999403193458157
-0.00029076211185637883
-0.00029135892510542306
-0.0002917880321301969
-0.0002920490837921001
-0.0002921457939956987
-0.00029207796874934037
-0.0002918494661038879
-0.0002914602399765337
-0.0002909142866023455
-0.00029021169993430807
-0.00028935660589993325
-0.0002883492312507995
-0.00028719382461155876
-0.00028589073759627146
-0.00028444433259245316
-0.00028285507799486105
-0.0002811274432503815
-0.00027926200559444766
-0.0002772633327289966
-0.0002751321024114042
-0.0002728729726366688
-0.00027048671418125636
-0.00026797806692844655
-0.00026534788595874737
-0.0002626009848812242
-0.0002597382950229681
-0.00025676469609776584
-0.00025368118671017094
-0.0002504927048611403
-0.0002472003082603133
-0.00024380898385994624
-0.0002403198425977835
-0.00023673791074322798
-0.0002330643439992095
-0.00022930420190203375
-0.00022545867446957657
-0.00022153284676192824
-0.00021752793740587769
-0.00021344904800474544
-0.00020929741679850267
-0.0002050781552547327
-0.00020079251411403217
-0.00019644560613293183
-0.00019203868650012355
-0.00018757686250006766
-0.00018306138734694872
-0.00017849735503468062
-0.00017388600839972156
-0.00016923242151721383
-0.0001645378205667187
-0.00015980725268406403
-0.00015504192015063523
-0.00015024683595246503
-0.00014542317237307837
-0.00014057590214140513
-0.00013570616091404728
-0.00013081887463780334
-0.00012591513581500837
-0.00012099981836104235
-0.00011607396514267703
-0.00011114239260899118
-0.00010620608886566684
-0.00010126980517163139
-9.633447168051312e-05
-9.140476852936913e-05
-8.648156140897233e-05
-8.156945725076162e-05
-7.666925080752422e-05
-7.178546935210451e-05
-6.691883413247448e-05
-6.207378871183914e-05
-5.7250974981141695e-05
-5.245474875027367e-05
-4.768566980162012e-05
-4.2948002261439425e-05
-3.824221895954785e-05
-3.357248826034588e-05
-2.893919366598889e-05
-2.4346405237284318e-05
-1.979441299757562e-05
-1.5287185189180462e-05
-1.0824915935544966e-05
-6.411469442886227e-06
-2.0469415623075187e-06
2.2649106449892063e-06
6.524092017777392e-06
1.0726954353566231e-05
1.4873604912624028e-05
1.8960506049662445e-05
2.2987869863354475e-05
2.6952270144043645e-05
3.085402582464079e-05
3.4689823233361606e-05
3.8460087486853456e-05
4.216162101514188e-05
4.5794954251490376e-05
4.935700609880474e-05
5.284841566121036e-05
5.626621576019082e-05
5.961115384882351e-05
6.288037927542147e-05
6.607474705246133e-05
6.919152136306198e-05
7.223166549702035e-05
7.519255920705833e-05
7.80752727076469e-05
8.087729948767827e-05
8.3599816106456e-05
8.624043015063885e-05
8.880042352486634e-05
9.127751545827391e-05
9.367309183622434e-05
9.598498279708854e-05
9.821467703644273e-05
0.00010036011379201607
0.00010242288209144966
0.00010440102856552021
0.00010629624108500405
0.00010810667172911422
0.0001098341049351484
0.00011147679532605938
0.00011303662220878911
0.00011451193958135356
0.00011590471982169718
0.00011721341470095769
0.00011844008433615272
0.00011958327794949282
0.00012064513946806362
0.00012162431054792398
0.00012252301975709332
0.00012333999699043978
0.0001240775500308301
0.0001247344957714722
0.00012531321879104526
0.00012581261781886822
0.00012623515028521983
0.00012657979475517162
0.00012684907871210677
0.00012704205602417597
0.0001271613195231665
0.00012720599542326365
0.0001271787393997947
0.000127078745785745
0.00012690872858197498
0.0001266679463673204
0.0001263591680972548
0.00012598171330704643
0.000125538401557858
0.00012502860900793957
0.00012445520196372218
0.00012381760956233732
0.00012311874140499263
0.00012235807501066972
0.00012153855997286733
0.00012065971702430809
0.00011972453159090971
0.00011873256584322277
0.0001176868341552106
0.0001165869385563668
0.00011543591905974538
0.00011423340954548084
0.00011298247463404486
0.00011168277728122504
0.00011033739992913598
0.00010894603108510707
0.00010751176928473302
0.00010603432420724002
0.0001045168048854476
0.00010295893847394489
0.00010136384216059109
9.973125728581807e-05
9.806430417536034e-05
9.636273393439797e-05
9.46296673776479e-05
9.286486233150752e-05
9.10714362394514e-05
8.924914953209992e-05
8.740111255508534e-05
8.55270856246409e-05
8.363016886945067e-05
8.171011888506076e-05
7.977002188068416e-05
7.780962714893505e-05
7.583200438081204e-05
7.383689190510879e-05
7.182734121718812e-05
6.980307600098197e-05
6.776712512485663e-05
6.571919757705377e-05
6.366229329859856e-05
6.159610496991164e-05
5.9523604188474166e-05
5.744446025164119e-05
5.536161453138648e-05
5.327471337253886e-05
5.11866635016821e-05
4.909708414975895e-05
4.700884677609702e-05
4.492154266892773e-05
4.2838004690959595e-05
4.0757792633037055e-05
3.868369912635404e-05
3.6615251995326015e-05
3.455520173317611e-05
3.2503041080717865e-05
3.0461476483023503e-05
2.842996451298074e-05
2.6411166447972303e-05
2.4404500959975243e-05
2.2412581822350577e-05
2.0434788358337024e-05
1.84736859205717e-05
1.652861364069517e-05
1.460208740047454e-05
1.269340444814747e-05
1.0805030469424627e-05
8.93621846456233e-06
7.089384352111957e-06
5.263736572223171e-06
3.461638176525222e-06
1.6822563275624206e-06
-7.210252205539459e-08
-1.8023146755771999e-06
-3.5061256807016814e-06
-5.184458766088744e-06
-6.83511382626352e-06
-8.459057958571509e-06
-1.0054145134569296e-05
-1.1621389107098284e-05
-1.3158698460534335e-05
-1.4667131656820125e-05
-1.614465102474302e-05
-1.7592360915143993e-05
-1.900827847414959e-05
-2.0393552927608575e-05
-2.1746254780095694e-05
-2.3067578249697858e-05
-2.4355647605121492e-05
-2.56117018515892e-05
-2.683391794773401e-05
-2.802357833104139e-05
-2.9178912307967277e-05
-3.030124561429539e-05
-3.138885955772024e-05
-3.244312235932653e-05
-3.3462365961166596e-05
-3.4448000354473943e-05
-3.539840604523246e-05
-3.631503561404298e-05
-3.719631669837472e-05
-3.804374201277238e-05
-3.885578909190338e-05
-3.96339849576583e-05
-4.037685667560865e-05
-4.10859689579745e-05
-4.1759891961964695e-05
-4.2400226934104586e-05
-4.3005589782161706e-05
-4.3577615478219334e-05
-4.411496149648005e-05
-4.4619296160096346e-05
-4.5089319329516126e-05
-4.552673097464245e-05
-4.593027007380922e-05
-4.630166626740403e-05
-4.66396975439255e-05
-4.694612234867031e-05
-4.721975505933868e-05
-4.746238058878137e-05
-4.767284824299764e-05
-4.785296860958056e-05
-4.800162482114688e-05
-4.8120650882490354e-05
-4.820896150109497e-05
-4.826841213408591e-05
-4.829794756676704e-05
-4.8299443507121056e-05
-4.827187304533494e-05
-4.821713120732508e-05
-4.8134215721439013e-05
-4.8025040445114334e-05
-4.788862627918025e-05
-4.7726901114344435e-05
-4.75389128666833e-05
-4.732659815911378e-05
-4.708902740945035e-05
-4.682815072162688e-05
-4.654305617721296e-05
-4.623570230974195e-05
-4.5905196718468184e-05
-4.555350652645663e-05
-4.5179754548295396e-05
-4.478591306269862e-05
-4.437111987339863e-05
-4.39373523779354e-05
-4.3483761080979384e-05
-4.3012325167067684e-05
-4.252220628374209e-05
-4.2015385184022844e-05
-4.1491033405126545e-05
-4.095113102570993e-05
-4.039485691243508e-05
-3.982418868762554e-05
-3.923831180262438e-05
-3.8639200371198956e-05
-3.8026045017652846e-05
-3.740081448939706e-05
-3.67627026442526e-05
-3.6113671440796854e-05
-3.545291613090016e-05
-3.478239227082039e-05
-3.410129327110536e-05
-3.341156774884237e-05
-3.271240760913007e-05
-3.200574765207966e-05
-3.129078301305716e-05
-3.0569433154964186e-05
-2.9840888872279623e-05
-2.910705932018937e-05
-2.8367130814967702e-05
-2.7622995898607583e-05
-2.687383544752319e-05
-2.61215278908242e-05
-2.5365247927638592e-05
-2.4606856412294994e-05
-2.3845520043421377e-05
-2.3083082753607944e-05
-2.2318703609762083e-05
-2.1554207667582716e-05
-2.0788743992946723e-05
-2.0024118106054894e-05
-1.925946926314037e-05
-1.8496583525459435e-05
-1.7734589377324936e-05
-1.697525178393494e-05
-1.62176874620743e-05
-1.5463639704949105e-05
-1.4712213306454786e-05
-1.3965129658924977e-05
-1.3221480961205029e-05
-1.2482966217426562e-05
-1.1748663062864389e-05
-1.102024977350821e-05
-1.029678724324544e-05
-9.579932615325203e-06
-8.868734187292444e-06
-8.164819969392065e-06
-7.4672293394461425e-06
-6.777565205786837e-06
-6.094849161716738e-06
-5.420661522378508e-06
-4.754011226729553e-06
-4.096452882710711e-06
-3.4469791912971927e-06
-2.8071205823338073e-06
-2.175856054843616e-06
-1.5546912092298732e-06
-9.425890877104111e-07
-3.410300692083249e-07
2.510368583842214e-07
8.321553296310665e-07
1.403391160755852e-06
1.9633130573080533e-06
2.5130020365920634e-06
3.0510510951488496e-06
3.578555388215723e-06
4.094131937569484e-06
4.598890076019096e-06
5.091471129514634e-06
5.572998560275361e-06
6.042137468498577e-06
6.500024917328909e-06
6.9453484250052686e-06
7.379260415757759e-06
7.800468128954097e-06
8.2101406185556e-06
8.607007016989307e-06
8.99224456285745e-06
9.364611480169996e-06
9.72529312704682e-06
1.0073067113366434e-05
1.0409133761809646e-05
1.0732292945957373e-05
1.1043753769109938e-05
1.1342336086992657e-05
1.1629260793218084e-05
1.1903368875286767e-05
1.2165890223171383e-05
1.2415684266303574e-05
1.2653990183236029e-05
1.2879687527308787e-05
1.3094024557056088e-05
1.3295898919250096e-05
1.3486566269220321e-05
1.3664941661139106e-05
1.3832288450924966e-05
1.3987539161154465e-05
1.4131963990373238e-05
1.426451186183909e-05
1.4386458645368606e-05
1.4496768970736157e-05
1.4596724089915193e-05
1.4685304002766783e-05
1.4763795205400838e-05
1.4831190498069226e-05
1.4888783428171859e-05
1.4935575879179489e-05
1.497286766801188e-05
1.4999675946483444e-05
1.5017295769495369e-05
1.5024763817750704e-05
1.502337695456283e-05
1.5012179120799806e-05
1.499246926694527e-05
1.4963305070236992e-05
1.4925985438254542e-05
1.4879576507035403e-05
1.48253767723215e-05
1.4762463623797648e-05
1.4692135573435181e-05
1.4613478408807575e-05
1.4527787913615174e-05
1.443415823557712e-05
1.4333883550105658e-05
1.422606641057971e-05
1.4111998294940444e-05
1.3990788449919323e-05
1.3863724643660497e-05
1.3729922678743797e-05
1.35906665059145e-05
1.344507828946558e-05
1.3294437356507252e-05
1.3137871130149295e-05
1.2976653388425519e-05
1.2809916133359116e-05
1.2638928581183917e-05
1.2462824501149938e-05
1.2282871926704268e-05
1.2098203406090984e-05
1.1910081005232071e-05
1.1717646865921523e-05
1.1522145874836401e-05
1.1322727034268894e-05
1.1120631534026927e-05
1.0915007478886823e-05
1.0707085755478872e-05
1.049601861750612e-05
1.0283030159691455e-05
1.0067273353258115e-05
9.849961394304197e-06
9.630248290050117e-06
9.409339095915332e-06
9.186389751178229e-06
8.962595198551852e-06
8.73711125264469e-06
8.511122349938649e-06
8.283784785714123e-06
8.056273222138464e-06
7.82774412921169e-06
7.599361404427606e-06
7.370280902456804e-06
7.141655273312682e-06
6.912639996428308e-06
6.684376881556724e-06
6.456021126368229e-06
6.228703331156109e-06
6.001577094425287e-06
5.775763434993172e-06
5.550410029971197e-06
5.326632841461342e-06
5.10357413095811e-06
4.882334687580129e-06
4.6620668653116295e-06
4.443850649610527e-06
4.226835568220617e-06
4.01209509814796e-06
3.798777532460014e-06
3.587940780638478e-06
3.378730846515282e-06
3.172195674967426e-06
2.967481505001903e-06
2.765623485092311e-06
2.5657648451136323e-06
2.368928082289032e-06
2.1742558205512363e-06
1.9827591682115994e-06
1.793579502067085e-06
1.6077153454936552e-06
1.4243060854544897e-06
1.2443381884371551e-06
1.0669500273369182e-06
8.931166052360847e-07
7.219754115435699e-07
5.544893992788797e-07
3.897946319247816e-07
2.288419387946898e-07
7.076642885662813e-08
-8.349228738775973e-08
-2.3480112702095623e-07
-3.8222773656613945e-07
-5.266470721443143e-07
-6.671305148802495e-07
-8.045546915933252e-07
-9.380127859890493e-07
-1.0683678864195657e-06
-1.1947279135293716e-06
-1.317962295245924e-06
-1.437186785059464e-06
-1.5532667948032103e-06
-1.6653297412910142e-06
-1.7742437764267493e-06
-1.8791476400635238e-06
-1.9809074286990815e-06
-2.078670742270181e-06
-2.1733032393632425e-06
-2.263963850840983e-06
-2.3515179691517194e-06
-2.435134244627617e-06
-2.515676225035095e-06
-2.5923216366050135e-06
-2.6659328298168258e-06
-2.735697370851237e-06
-2.802476607359094e-06
-2.8654675327281746e-06
-2.925529420769506e-06
-2.981867869726945e-06
-3.0353398073213436e-06
-3.08515966417362e-06
-3.1321823508756576e-06
-3.1756303204934187e-06
-3.216359325567537e-06
-3.2535929322130625e-06
-3.2881945446372507e-06
-3.3193889393026056e-06
-3.3480296678992992e-06
-3.373366907471643e-06
-3.3962396021263236e-06
-3.4159015356561163e-06
-3.433195003978619e-06
-3.4473839701528605e-06
-3.4593037551900397e-06
-3.4682225805592877e-06
-3.474972536517599e-06
-3.4788311817218156e-06
-3.4806273859007457e-06
-3.4796444645491633e-06
-3.4767055118372682e-06
-3.471100084791835e-06
-3.4636472209584453e-06
-3.45364373617732e-06
-3.4419043391838335e-06
-3.4277316779161685e-06
-3.4119349417233715e-06
-3.393822145438718e-06
-3.3741972021196375e-06
-3.3523742762919013e-06
-3.3291523542502233e-06
-3.3038515259059408e-06
-3.277265197456492e-06
-3.248718750936152e-06
-3.21899988098488e-06
-3.187436896181982e-06
-3.1548178208896956e-06
-3.120464009980075e-06
-3.0851704530257523e-06
-3.0482632492399328e-06
-3.010512999803297e-06
-2.9712713764202865e-06
-2.931300154193616e-06
-2.889946023724082e-06
-2.8479649494650278e-06
-2.8047135903112164e-06
-2.7609429736090832e-06
-2.7160117371029463e-06
-2.6706616086987655e-06
-2.6242556073311374e-06
-2.577530321371599e-06
-2.5298543429521666e-06
-2.481957152902437e-06
-2.4332105988008412e-06
-2.3843360787342048e-06
-2.3347092184696184e-06
-2.285044774300542e-06
-2.2347230424436965e-06
-2.184452200814629e-06
-2.1336165130767626e-06
-2.082916480393616e-06
-2.031739787679313e-06
-1.9807792397059722e-06
-1.929426287760848e-06
-1.8783663919423585e-06
-1.8269950224898783e-06
-1.7759915651034327e-06
-1.7247504792931291e-06
-1.673955945459531e-06
-1.6229873897288624e-06
-1.572532067215757e-06
-1.5219868750853285e-06
-1.4720015657114828e-06
-1.4219913241082466e-06
-1.3726076598636229e-06
-1.3232631539391276e-06
-1.2745956019287035e-06
-1.2260221949553969e-06
-1.178177211640156e-06
-1.1304834577177571e-06
-1.083566280456637e-06
-1.0368498995738697e-06
-9.909510512907484e-07
-9.452983260058728e-07
-9.005021498449596e-07
-8.559959687660097e-07
-8.123828457381025e-07
-7.690994069403042e-07
-7.267404672297089e-07
-6.847458185790977e-07
-6.437027920043463e-07
-6.030553628762781e-07
-5.633838197494001e-07
-5.241363506329303e-07
-4.858859218868089e-07
-4.480845871692585e-07
-4.112975925500221e-07
-3.7498031996818087e-07
-3.396937845074014e-07
-3.048863815342227e-07
-2.7113500206232347e-07
-2.3786842473245382e-07
-2.056542791872393e-07
-1.7396153732211582e-07
-1.433175833228654e-07
-1.1319344340042513e-07
-8.412232176714974e-08
-5.558359688045977e-08
-2.8098668677334276e-08
-1.1463311616270433e-09
2.475947420692187e-08
5.0132756104231776e-08
7.446389572624997e-08
9.826176899116872e-08
1.2102468573328773e-07
1.4325840070570883e-07
1.6446910412526852e-07
1.8515794984642263e-07
2.0483721794953374e-07
2.240026158149907e-07
2.421725115415269e-07
2.5983789854800075e-07
2.7652406714270803e-07
2.927175683844519e-07
3.0795056625232216e-07
3.227047924611004e-07
3.36518746418869e-07
3.4986874602957225e-07
3.622993773876125e-07
3.7428336173511353e-07
3.8536297242651776e-07
3.960310951990823e-07
4.05797455442579e-07
4.1516946124760513e-07
4.2369710767703354e-07
4.318248440730469e-07
4.391261716004811e-07
4.460579741979752e-07
4.5219768058854384e-07
4.5798781075561896e-07
4.6300735043795763e-07
4.6769502206107953e-07
4.71639749452967e-07
4.752772409093462e-07
4.782024332513313e-07
4.808440262430131e-07
4.828013038386413e-07
4.844963838393397e-07
4.855345563133984e-07
4.863330194868465e-07
4.865036772874194e-07
4.864585891068008e-07
4.858153362627782e-07
4.849798809797507e-07
4.835750018597328e-07
4.820003519652014e-07
4.798841267139803e-07
4.776201786484755e-07
4.7484268764495994e-07
4.719398287877262e-07
4.6855118630665744e-07
4.650647095184876e-07
4.611010669777048e-07
4.570975093552261e-07
4.5262453298136143e-07
4.4809863933855265e-07
4.43182656713022e-07
4.382283727273168e-07
4.328902346584229e-07
4.275275265415068e-07
4.218120517123544e-07
4.16098953555795e-07
4.100611150764865e-07
4.040427988530451e-07
3.9772029352821535e-07
3.91432370097591e-07
3.8486263792337354e-07
3.783454816954859e-07
3.7157088119275395e-07
3.6486679473076494e-07
3.579277202121692e-07
3.5107440142742517e-07
3.440058882462558e-07
3.370365271353883e-07
3.2987083563182087e-07
3.22817429137129e-07
3.1558679253592997e-07
3.084817977272018e-07
3.0121849653095126e-07
2.940934998665262e-07
2.868281561287308e-07
2.7971249363681393e-07
2.724705187276921e-07
2.6540648794977773e-07
2.581768930300493e-07
2.511958911172753e-07
2.44081581218913e-07
2.371272291937374e-07
2.300990142552058e-07
2.2326626793132966e-07
2.1637058530210407e-07
2.096641821190452e-07
2.0289728265127245e-07
1.9632343658768784e-07
1.8970369143667424e-07
1.8328695983102522e-07
1.7683845643301184e-07
1.705984665246523e-07
1.6433534786118833e-07
1.5828175554258643e-07
1.5221130712189184e-07
1.4635102777376299e-07
1.4048096211932936e-07
1.348229812890225e-07
1.291632175770942e-07
1.2371778360654749e-07
1.1827818716000917e-07
1.1305402255270053e-07
1.078418276430879e-07
1.0284463818749903e-07
9.786411264750444e-08
9.309682590204362e-08
8.834997985712721e-08
8.381413405838103e-08
7.928876616170722e-08
7.50517410921962e-08
7.067031317355538e-08
6.663419790514e-08
6.26293324071215e-08
5.880011864808104e-08
5.4985042239881967e-08
5.136534503896405e-08
4.778572291662216e-08
4.440983152447082e-08
4.107692103416287e-08
3.793826076976417e-08
3.483684699391756e-08
3.191891311700967e-08
2.9035445186403365e-08
2.6329226889570885e-08
2.3658948753386828e-08
2.1162454269689213e-08
1.8704481605202593e-08
1.6416599129298135e-08
1.4168563955388643e-08
1.2085261492399669e-08
1.004134086136387e-08
8.155244522901681e-09
6.307020681109334e-09
4.609026365303092e-09
2.947076233490808e-09
1.427850397160997e-09
-5.674283785691532e-11
-1.4057499945215477e-09
-2.7212115707983332e-09
-3.907818201878877e-09
-5.193466662580113e-09
-5.828482182291374e-09
-7.095814467222288e-09
-8.067860847006648e-09
-8.919991031200772e-09
-9.62858897667345e-09
-1.0302915675192528e-08
-1.0885496533405809e-08
-1.145466540275826e-08
-1.1943799155999702e-08
-1.2417473927495778e-08
-1.2811404767025624e-08
-1.3183500846515265e-08
-1.3476074117171497e-08
-1.3742733915323219e-08
-1.3933370349984344e-08
-1.4097252384657123e-08
-1.419146620254018e-08
-1.426036836613653e-08
-1.4267478589258765e-08
-1.42516420291162e-08
-1.418217772982024e-08
-1.4092015159798812e-08
-1.3956018312625385e-08
-1.3800885425742652e-08
-1.3606937334089248e-08
-1.3394738775568545e-08
-1.3150154326904824e-08
-1.2887548137431813e-08
-1.2598486165277311e-08
-1.2291373816709499e-08
-1.1963483395833724e-08
-1.9626672552280123e-07
