 14.52947577785836590E-6
 95.20739719824624100E-6
 214.4850143846749120E-6
 382.7608452902745170E-6
 535.5797357801019420E-6
 577.3087372703312210E-6
 390.1287377444069190E-6
-114.5505466091317000E-6
-933.6065065446027800E-6
-0.001917037040648593
-0.002752241805831188
-0.003014084368492198
-0.002289244969761553
-353.7762005491940730E-6
 0.002648511973508020
 0.006099899616750696
 0.008944728872552828
 0.009905883873533625
 0.007863588992941702
 0.002312676637895708
-0.006237931695418458
-0.016074958765079868
-0.024417582532003029
-0.027916246416227537
-0.023438500360446604
-0.008961437656866217
 0.015672652571522762
 0.048376313555821851
 0.084969832010171720
 0.119886798568872466
 0.147294655982957268
 0.162364006920025283
 0.162364006920025283
 0.147294655982957268
 0.119886798568872466
 0.084969832010171720
 0.048376313555821851
 0.015672652571522762
-0.008961437656866217
-0.023438500360446604
-0.027916246416227537
-0.024417582532003029
-0.016074958765079868
-0.006237931695418458
 0.002312676637895708
 0.007863588992941702
 0.009905883873533625
 0.008944728872552828
 0.006099899616750696
 0.002648511973508020
-353.7762005491940730E-6
-0.002289244969761553
-0.003014084368492198
-0.002752241805831188
-0.001917037040648593
-933.6065065446027800E-6
-114.5505466091317000E-6
 390.1287377444069190E-6
 577.3087372703312210E-6
 535.5797357801019420E-6
 382.7608452902745170E-6
 214.4850143846749120E-6
 95.20739719824624100E-6
 14.52947577785836590E-6

