 22.65350511944246750E-6
-5.725703324882768010E-6
-71.35121973320370610E-6
-128.0209074407509040E-6
-87.80136969981688820E-6
 62.32477061894137900E-6
 192.2878778979380740E-6
 128.0024258430840690E-6
-133.2103535366942140E-6
-336.5189766317962490E-6
-193.5919958690212750E-6
 250.8690534304952000E-6
 544.1852338341574300E-6
 258.3917798970840070E-6
-448.2664655149519600E-6
-829.0314938014090560E-6
-302.2398981566634580E-6
 758.6140683428509420E-6
 0.001198235941305315
 293.1596154294060170E-6
-0.001220251098823188
-0.001650954385898930
-186.1498376669653110E-6
 0.001874792023629356
 0.002174880002253524
-78.20260917703814130E-6
-0.002764591247121571
-0.002742325050530087
 575.2442989102069080E-6
 0.003931105731799281
 0.003307460341749164
-0.001397493159903802
-0.005413158738939785
-0.003802246262787485
 0.002659000716172048
 0.007248711748553124
 0.004132585464388777
-0.004504156088876310
-0.009480551743476997
-0.004170036568808575
 0.007129924759425904
 0.012172360518096385
 0.003734471566039598
-0.010837187505786373
-0.015446045211741213
-0.002551074508710326
 0.016157420415095859
 0.019573207818830766
 131.0909609931179890E-6
-0.024205577191885028
-0.025238243988766569
 0.004610738752416145
 0.037885654857815983
 0.034519165627077207
-0.015010662050859222
-0.067922292047558369
-0.056884617972742989
 0.050260188057771486
 0.211255215732334550
 0.330861968555346442
 0.330861968555346442
 0.211255215732334550
 0.050260188057771486
-0.056884617972742989
-0.067922292047558369
-0.015010662050859222
 0.034519165627077207
 0.037885654857815983
 0.004610738752416145
-0.025238243988766569
-0.024205577191885028
 131.0909609931179890E-6
 0.019573207818830766
 0.016157420415095859
-0.002551074508710326
-0.015446045211741213
-0.010837187505786373
 0.003734471566039598
 0.012172360518096385
 0.007129924759425904
-0.004170036568808575
-0.009480551743476997
-0.004504156088876310
 0.004132585464388777
 0.007248711748553124
 0.002659000716172048
-0.003802246262787485
-0.005413158738939785
-0.001397493159903802
 0.003307460341749164
 0.003931105731799281
 575.2442989102069080E-6
-0.002742325050530087
-0.002764591247121571
-78.20260917703814130E-6
 0.002174880002253524
 0.001874792023629356
-186.1498376669653110E-6
-0.001650954385898930
-0.001220251098823188
 293.1596154294060170E-6
 0.001198235941305315
 758.6140683428509420E-6
-302.2398981566634580E-6
-829.0314938014090560E-6
-448.2664655149519600E-6
 258.3917798970840070E-6
 544.1852338341574300E-6
 250.8690534304952000E-6
-193.5919958690212750E-6
-336.5189766317962490E-6
-133.2103535366942140E-6
 128.0024258430840690E-6
 192.2878778979380740E-6
 62.32477061894137900E-6
-87.80136969981688820E-6
-128.0209074407509040E-6
-71.35121973320370610E-6
-5.725703324882768010E-6
 22.65350511944246750E-6

