 81.94909301153285240E-9
-7.730877764389049390E-6
-8.131658301377717280E-6
 17.57842444333338610E-6
-9.096159946891569700E-6
-29.07237539092346880E-6
 58.42454999625160640E-6
-15.43343419031438120E-6
-93.56136514767160860E-6
 143.9283006226430640E-6
-9.432700530909682970E-6
-235.1197094159470850E-6
 295.6900235565200890E-6
 31.58890364380831530E-6
-504.3715897779011930E-6
 536.9601473180946410E-6
 146.3296759450896050E-6
-968.7383258444334620E-6
 888.8594417856324980E-6
 394.2650894752672460E-6
-0.001712926507035392
 0.001366057844787897
 860.5134283630632130E-6
-0.002840014055639135
 0.001972680826175650
 0.001662414624247184
-0.004475114970301276
 0.002698526768299740
 0.002960605840819883
-0.006776493611581052
 0.003517298788125009
 0.004982106870019022
-0.009966304061257423
 0.004387146885858442
 0.008076761957107199
-0.014409349326274152
 0.005253129380583964
 0.012864346727756456
-0.020825057623856311
 0.006052418310030873
 0.020675401906972622
-0.030960690512780449
 0.006721622908327522
 0.035235971942679814
-0.050469071705836782
 0.007203578003897790
 0.073041487478244682
-0.112483717821141166
 0.007456317258204388
 0.547288767120764241
 0.547288767120764241
 0.007456317258204388
-0.112483717821141166
 0.073041487478244682
 0.007203578003897790
-0.050469071705836782
 0.035235971942679814
 0.006721622908327522
-0.030960690512780449
 0.020675401906972622
 0.006052418310030873
-0.020825057623856311
 0.012864346727756456
 0.005253129380583964
-0.014409349326274152
 0.008076761957107199
 0.004387146885858442
-0.009966304061257423
 0.004982106870019022
 0.003517298788125009
-0.006776493611581052
 0.002960605840819883
 0.002698526768299740
-0.004475114970301276
 0.001662414624247184
 0.001972680826175650
-0.002840014055639135
 860.5134283630632130E-6
 0.001366057844787897
-0.001712926507035392
 394.2650894752672460E-6
 888.8594417856324980E-6
-968.7383258444334620E-6
 146.3296759450896050E-6
 536.9601473180946410E-6
-504.3715897779011930E-6
 31.58890364380831530E-6
 295.6900235565200890E-6
-235.1197094159470850E-6
-9.432700530909682970E-6
 143.9283006226430640E-6
-93.56136514767160860E-6
-15.43343419031438120E-6
 58.42454999625160640E-6
-29.07237539092346880E-6
-9.096159946891569700E-6
 17.57842444333338610E-6
-8.131658301377717280E-6
-7.730877764389049390E-6
 81.94909301153285240E-9

