 11.18544121732299250E-6
 14.77208488533300290E-6
-71.75623998317037430E-6
 112.0378438975299390E-6
-73.90089761442054340E-6
 4.542211737423358820E-6
-30.48683516372834750E-6
 148.3692969538247440E-6
-165.7826277260461720E-6
-6.319470407652892700E-6
 131.6914968175806000E-6
 16.97885793161435690E-6
-192.3387524546508300E-6
-40.16464108786072980E-6
 517.9621075641489370E-6
-563.4221288152989470E-6
 114.7313883557360160E-6
-74.00558640659198770E-6
 895.1071509163111840E-6
-0.001538186572775309
 950.8270117548104280E-6
-65.30444158111247080E-6
 632.8901912345532990E-6
-0.002126883513679377
 0.002031863725820845
 14.66327465630593710E-6
-950.2513407692390500E-6
-902.5992830352010970E-6
 0.002313936707009511
 138.1917755065804840E-6
-0.003763496963871954
 0.003202043408196648
 344.7710304219458520E-6
 218.1497274040504240E-6
-0.006177534670046089
 0.009258987628936972
-0.004552831139681726
 165.4453016454517640E-6
-0.005196536128362702
 0.013286856821979005
-0.010800200521080524
-25.19400931811675900E-6
 0.001907190319405288
 0.009189033050061147
-0.013934025575081666
-242.1436429193933580E-6
 0.015035072579693073
-0.007989184607084756
-0.007740786452945269
-322.4426111391116480E-6
 0.029250276797307805
-0.038071828517524012
 0.013382803319389833
-184.3295017501193910E-6
 0.034201246039159042
-0.073811675124688392
 0.054266154670154665
 92.62773161601451480E-6
 0.009934467819231310
-0.103039744916810824
 0.143927698522824998
 312.2259881771652770E-6
-0.256196842188923246
 0.385666371649496575
-0.256196842188923246
 312.2259881771652770E-6
 0.143927698522824998
-0.103039744916810824
 0.009934467819231310
 92.62773161601451480E-6
 0.054266154670154665
-0.073811675124688392
 0.034201246039159042
-184.3295017501193910E-6
 0.013382803319389833
-0.038071828517524012
 0.029250276797307805
-322.4426111391116480E-6
-0.007740786452945269
-0.007989184607084756
 0.015035072579693073
-242.1436429193933580E-6
-0.013934025575081666
 0.009189033050061147
 0.001907190319405288
-25.19400931811675900E-6
-0.010800200521080524
 0.013286856821979005
-0.005196536128362702
 165.4453016454517640E-6
-0.004552831139681726
 0.009258987628936972
-0.006177534670046089
 218.1497274040504240E-6
 344.7710304219458520E-6
 0.003202043408196648
-0.003763496963871954
 138.1917755065804840E-6
 0.002313936707009511
-902.5992830352010970E-6
-950.2513407692390500E-6
 14.66327465630593710E-6
 0.002031863725820845
-0.002126883513679377
 632.8901912345532990E-6
-65.30444158111247080E-6
 950.8270117548104280E-6
-0.001538186572775309
 895.1071509163111840E-6
-74.00558640659198770E-6
 114.7313883557360160E-6
-563.4221288152989470E-6
 517.9621075641489370E-6
-40.16464108786072980E-6
-192.3387524546508300E-6
 16.97885793161435690E-6
 131.6914968175806000E-6
-6.319470407652892700E-6
-165.7826277260461720E-6
 148.3692969538247440E-6
-30.48683516372834750E-6
 4.542211737423358820E-6
-73.90089761442054340E-6
 112.0378438975299390E-6
-71.75623998317037430E-6
 14.77208488533300290E-6
 11.18544121732299250E-6

