 37.97187136566094520E-6
 143.0095678977625370E-6
 211.2951745068946820E-6
-269.7027543395223010E-6
-0.002212263904001054
-0.006137043248894018
-0.010543196676393783
-0.010526200558175212
 0.001478667905288858
 0.031789709716850745
 0.079942604252443913
 0.135447196969983114
 0.180392937416670784
 0.197715086367085430
 0.180392937416670784
 0.135447196969983114
 0.079942604252443913
 0.031789709716850745
 0.001478667905288858
-0.010526200558175212
-0.010543196676393783
-0.006137043248894018
-0.002212263904001054
-269.7027543395223010E-6
 211.2951745068946820E-6
 143.0095678977625370E-6
 37.97187136566094520E-6

