 3.445830092942331110E-6
-5.644307314991841020E-6
-55.30944011295581220E-6
-93.43272039020055790E-6
 24.58187954716841970E-6
 256.5256192269237660E-6
 194.7879880717476620E-6
-384.4681585838744700E-6
-767.1157722096562570E-6
 62.72465498962219500E-6
 0.001494598206730199
 0.001163435662507894
-0.001626920216272209
-0.003291148711519080
 21.87574534861162690E-6
 0.005284521021689470
 0.004093008762411334
-0.004968972731241279
-0.009994951642875128
-151.3697989806941560E-6
 0.014666549477857199
 0.011215483337956652
-0.013061775038798769
-0.026172268792399318
-410.9063270169764340E-6
 0.038710417646726628
 0.030298875502124286
-0.037692955811471494
-0.082277766970247745
-608.1867704993952660E-6
 0.199707021625240538
 0.374313040524093810
 0.374313040524093810
 0.199707021625240538
-608.1867704993952660E-6
-0.082277766970247745
-0.037692955811471494
 0.030298875502124286
 0.038710417646726628
-410.9063270169764340E-6
-0.026172268792399318
-0.013061775038798769
 0.011215483337956652
 0.014666549477857199
-151.3697989806941560E-6
-0.009994951642875128
-0.004968972731241279
 0.004093008762411334
 0.005284521021689470
 21.87574534861162690E-6
-0.003291148711519080
-0.001626920216272209
 0.001163435662507894
 0.001494598206730199
 62.72465498962219500E-6
-767.1157722096562570E-6
-384.4681585838744700E-6
 194.7879880717476620E-6
 256.5256192269237660E-6
 24.58187954716841970E-6
-93.43272039020055790E-6
-55.30944011295581220E-6
-5.644307314991841020E-6
 3.445830092942331110E-6

