-21.55774954067775440E-6
-262.9878416090596150E-6
-244.6565853745340180E-6
 0.001639156075442590
 0.002312213007481242
-0.005317440697384818
-0.009963275188428492
 0.011789752040298517
 0.030474414722226936
-0.019898879710269851
-0.082015477818730642
 0.026840692176531417
 0.309452937873917477
 0.470409810976840648
 0.309452937873917477
 0.026840692176531417
-0.082015477818730642
-0.019898879710269851
 0.030474414722226936
 0.011789752040298517
-0.009963275188428492
-0.005317440697384818
 0.002312213007481242
 0.001639156075442590
-244.6565853745340180E-6
-262.9878416090596150E-6
-21.55774954067775440E-6

