 419.7930292365260240E-9
-37.65464480177562480E-9
-434.4860155028341070E-9
 635.4602868528561430E-9
 4.973842914828441760E-6
 13.15103909947707100E-6
 21.96084722791545830E-6
 22.07505946878754340E-6
-2.129664654713011810E-6
-68.40728396598349550E-6
-187.0104453468192670E-6
-346.9017821377103700E-6
-502.4407909579707050E-6
-568.0878270546029400E-6
-429.4086071690589390E-6
 24.29459859885604090E-6
 847.5038601418675630E-6
 0.001977879118465730
 0.003188852651187837
 0.004081718001035001
 0.004139866966231931
 0.002853782518310387
-97.24447309506410880E-6
-0.004646157866705836
-0.010181097346702670
-0.015494540516244618
-0.018887704597924618
-0.018444021740826259
-0.012437467903213534
 206.0958576131813520E-6
 0.019508162059018570
 0.044214125190761289
 0.071833106804714747
 0.098967281751691491
 0.121882876627789974
 0.137207236453516235
 0.142595214822370780
 0.137207236453516235
 0.121882876627789974
 0.098967281751691491
 0.071833106804714747
 0.044214125190761289
 0.019508162059018570
 206.0958576131813520E-6
-0.012437467903213534
-0.018444021740826259
-0.018887704597924618
-0.015494540516244618
-0.010181097346702670
-0.004646157866705836
-97.24447309506410880E-6
 0.002853782518310387
 0.004139866966231931
 0.004081718001035001
 0.003188852651187837
 0.001977879118465730
 847.5038601418675630E-6
 24.29459859885604090E-6
-429.4086071690589390E-6
-568.0878270546029400E-6
-502.4407909579707050E-6
-346.9017821377103700E-6
-187.0104453468192670E-6
-68.40728396598349550E-6
-2.129664654713011810E-6
 22.07505946878754340E-6
 21.96084722791545830E-6
 13.15103909947707100E-6
 4.973842914828441760E-6
 635.4602868528561430E-9
-434.4860155028341070E-9
-37.65464480177562480E-9
 419.7930292365260240E-9

