-1.802883090721736800E-6
-11.90030923154491480E-6
-32.99317240097327900E-6
-67.31364745621465320E-6
-113.0333345670769350E-6
-161.6596637902611630E-6
-196.1381954142892430E-6
-190.7513737001216040E-6
-113.8715705498613600E-6
 65.76149405371269550E-6
 369.3346579451408620E-6
 795.9820240855241310E-6
 0.001310841408222509
 0.001836408985734955
 0.002250877718149135
 0.002396752744198060
 0.002101679673084795
 0.001211161294991432
-370.0168501096941330E-6
-0.002633747572133311
-0.005430348041414120
-0.008445501705207819
-0.011201015276463005
-0.013085215008107286
-0.013414228662594459
-0.011519696124531480
-0.006852633483011769
 911.5702717399244650E-6
 0.011784596308315055
 0.025410207446004508
 0.041056248163921130
 0.057660454092019114
 0.073928400688083859
 0.088473000931457074
 0.099977270182303291
 0.107357131910935419
 0.109899902331183102
 0.107357131910935419
 0.099977270182303291
 0.088473000931457074
 0.073928400688083859
 0.057660454092019114
 0.041056248163921130
 0.025410207446004508
 0.011784596308315055
 911.5702717399244650E-6
-0.006852633483011769
-0.011519696124531480
-0.013414228662594459
-0.013085215008107286
-0.011201015276463005
-0.008445501705207819
-0.005430348041414120
-0.002633747572133311
-370.0168501096941330E-6
 0.001211161294991432
 0.002101679673084795
 0.002396752744198060
 0.002250877718149135
 0.001836408985734955
 0.001310841408222509
 795.9820240855241310E-6
 369.3346579451408620E-6
 65.76149405371269550E-6
-113.8715705498613600E-6
-190.7513737001216040E-6
-196.1381954142892430E-6
-161.6596637902611630E-6
-113.0333345670769350E-6
-67.31364745621465320E-6
-32.99317240097327900E-6
-11.90030923154491480E-6
-1.802883090721736800E-6

