 7.515749441112966170E-6
 19.28785720660698640E-6
 39.84695686143481200E-6
 71.09493022359033890E-6
 113.1786183365090320E-6
 163.1686563206122290E-6
 213.6891382950203420E-6
 251.7780129604049930E-6
 258.3299355147808000E-6
 208.5006517631019280E-6
 73.41535660604341730E-6
-176.5895015712088140E-6
-567.1517996264582280E-6
-0.001113711903604874
-0.001814488821223650
-0.002643394518570289
-0.003543906454398009
-0.004425042911387058
-0.005160562112470527
-0.005592308104187507
-0.005538251419529070
-0.004805246056735129
-0.003205899847404838
-578.3097209299978660E-6
 0.003193162269277666
 0.008158309515145705
 0.014285106574328098
 0.021449624831978174
 0.029433688748185392
 0.037931406785658199
 0.046564783062887034
 0.054907582852991174
 0.062515616353621545
 0.068960754757045703
 0.073865420332661608
 0.076934085465434135
 0.077978515612433103
 0.076934085465434135
 0.073865420332661608
 0.068960754757045703
 0.062515616353621545
 0.054907582852991174
 0.046564783062887034
 0.037931406785658199
 0.029433688748185392
 0.021449624831978174
 0.014285106574328098
 0.008158309515145705
 0.003193162269277666
-578.3097209299978660E-6
-0.003205899847404838
-0.004805246056735129
-0.005538251419529070
-0.005592308104187507
-0.005160562112470527
-0.004425042911387058
-0.003543906454398009
-0.002643394518570289
-0.001814488821223650
-0.001113711903604874
-567.1517996264582280E-6
-176.5895015712088140E-6
 73.41535660604341730E-6
 208.5006517631019280E-6
 258.3299355147808000E-6
 251.7780129604049930E-6
 213.6891382950203420E-6
 163.1686563206122290E-6
 113.1786183365090320E-6
 71.09493022359033890E-6
 39.84695686143481200E-6
 19.28785720660698640E-6
 7.515749441112966170E-6

