-3.828599307431379550E-6
-11.40497466528458230E-6
-26.29017187388196320E-6
-52.04067314374788820E-6
-92.70284140263777320E-6
-152.4040486461235280E-6
-234.7234113257866280E-6
-341.8377182336922720E-6
-473.4657626233723140E-6
-625.6666284726196640E-6
-789.5814470989594160E-6
-950.2397777159694670E-6
-0.001085576610784315
-0.001165819576038403
-0.001153404362488286
-0.001003556900979845
-665.6424985287867460E-6
-85.32591303064762660E-6
 792.4843589846581150E-6
 0.002020014051137106
 0.003642511312518073
 0.005693907881842945
 0.008192575434516295
 0.011137535255780050
 0.014505485547712350
 0.018248983199435544
 0.022296055131890095
 0.026551421313659462
 0.030899393677344757
 0.035208381942135936
 0.039336800486526394
 0.043140042732914823
 0.046478083611177945
 0.049223197613712605
 0.051267248006149763
 0.052528016425984224
 0.052954101549933103
 0.052528016425984224
 0.051267248006149763
 0.049223197613712605
 0.046478083611177945
 0.043140042732914823
 0.039336800486526394
 0.035208381942135936
 0.030899393677344757
 0.026551421313659462
 0.022296055131890095
 0.018248983199435544
 0.014505485547712350
 0.011137535255780050
 0.008192575434516295
 0.005693907881842945
 0.003642511312518073
 0.002020014051137106
 792.4843589846581150E-6
-85.32591303064762660E-6
-665.6424985287867460E-6
-0.001003556900979845
-0.001153404362488286
-0.001165819576038403
-0.001085576610784315
-950.2397777159694670E-6
-789.5814470989594160E-6
-625.6666284726196640E-6
-473.4657626233723140E-6
-341.8377182336922720E-6
-234.7234113257866280E-6
-152.4040486461235280E-6
-92.70284140263777320E-6
-52.04067314374788820E-6
-26.29017187388196320E-6
-11.40497466528458230E-6
-3.828599307431379550E-6

