 1.301181903954786500E-6
 3.437652310581472030E-6
 4.776357598640988300E-6
 1.605659990536437490E-6
-8.951724052610703810E-6
-24.36042016943652660E-6
-34.46101511638517680E-6
-26.35761574578799230E-6
 3.857819524812489130E-6
 41.30172402290024540E-6
 57.47369065061736390E-6
 35.42336745915919490E-6
-41.52388797653064500E-18
 20.68917724473628180E-6
 160.5517499823331490E-6
 384.4395825980184330E-6
 494.4194339558584370E-6
 184.4972252660605250E-6
-743.6252045968768700E-6
-0.002086271161313336
-0.003076691464004161
-0.002591657305325012
 201.8458613393368640E-6
 0.004998694822206863
 0.009833671789548675
 0.011447571497714144
 0.006749324390140715
-0.005066194683778673
-0.020791610451616396
-0.033066631923335178
-0.032471357164198453
-0.011407077685020075
 0.031793396216212029
 0.090561047780478285
 0.151075470655436167
 0.196589515715769325
 0.213500976562500000
 0.196589515715769325
 0.151075470655436167
 0.090561047780478285
 0.031793396216212029
-0.011407077685020075
-0.032471357164198453
-0.033066631923335178
-0.020791610451616396
-0.005066194683778673
 0.006749324390140715
 0.011447571497714144
 0.009833671789548675
 0.004998694822206863
 201.8458613393368640E-6
-0.002591657305325012
-0.003076691464004161
-0.002086271161313336
-743.6252045968768700E-6
 184.4972252660605250E-6
 494.4194339558584370E-6
 384.4395825980184330E-6
 160.5517499823331490E-6
 20.68917724473628180E-6
-41.52388797653064500E-18
 35.42336745915919490E-6
 57.47369065061736390E-6
 41.30172402290024540E-6
 3.857819524812489130E-6
-26.35761574578799230E-6
-34.46101511638517680E-6
-24.36042016943652660E-6
-8.951724052610703810E-6
 1.605659990536437490E-6
 4.776357598640988300E-6
 3.437652310581472030E-6
 1.301181903954786500E-6

