 1.544866161616064830E-6
-10.90788720236549380E-6
-31.28815905942447630E-6
-84.71112321588164210E-6
-195.4818101106860980E-6
-392.5647858131540600E-6
-700.1633575400830980E-6
-0.001120798227372359
-0.001612555701729144
-0.002063734860397902
-0.002271764724784142
-0.001935617319772710
-670.3553883282213520E-6
 0.001951039752037597
 0.006328219318870927
 0.012745204079735626
 0.021277778040080575
 0.031718252800202143
 0.043538344164150214
 0.055909959952280854
 0.067781734670112656
 0.078011867351827038
 0.085534983771709025
 0.089519810129510380
 0.089519810129510380
 0.085534983771709025
 0.078011867351827038
 0.067781734670112656
 0.055909959952280854
 0.043538344164150214
 0.031718252800202143
 0.021277778040080575
 0.012745204079735626
 0.006328219318870927
 0.001951039752037597
-670.3553883282213520E-6
-0.001935617319772710
-0.002271764724784142
-0.002063734860397902
-0.001612555701729144
-0.001120798227372359
-700.1633575400830980E-6
-392.5647858131540600E-6
-195.4818101106860980E-6
-84.71112321588164210E-6
-31.28815905942447630E-6
-10.90788720236549380E-6
 1.544866161616064830E-6

