-551.9445611927386610E-9
-89.51376823193857040E-15
-621.3744518484002130E-9
-4.408263547692783390E-6
-4.509644724356367540E-6
 8.046499123647565810E-6
 22.01200750909323740E-6
 10.81783126636823060E-6
-21.99881655744250960E-6
-31.92253912828597250E-6
-5.357333568816978970E-6
 1.243605624885957050E-12
-37.31719723711597680E-6
-8.697035169514927940E-6
 153.5426042754700400E-6
 239.5041834782623480E-6
-23.45581967751980560E-6
-435.6517553442149050E-6
-411.1454607704988580E-6
 105.3107760469290360E-6
 340.5422478611211550E-6
 3.379424910065140790E-12
 222.1732562773540560E-6
 0.001643766606237624
 0.001772675086981938
-0.002588409293731933
-0.008336581044124452
-0.005307031953659243
 0.010755457852021338
 0.024376377538452385
 0.009967542087725694
-0.033823499035712044
-0.062290701758317288
-0.014054603717728570
 0.123386257357018872
 0.279870360900547954
 0.349023437491248090
 0.279870360900547954
 0.123386257357018872
-0.014054603717728570
-0.062290701758317288
-0.033823499035712044
 0.009967542087725694
 0.024376377538452385
 0.010755457852021338
-0.005307031953659243
-0.008336581044124452
-0.002588409293731933
 0.001772675086981938
 0.001643766606237624
 222.1732562773540560E-6
 3.379424910065140790E-12
 340.5422478611211550E-6
 105.3107760469290360E-6
-411.1454607704988580E-6
-435.6517553442149050E-6
-23.45581967751980560E-6
 239.5041834782623480E-6
 153.5426042754700400E-6
-8.697035169514927940E-6
-37.31719723711597680E-6
 1.243605624885957050E-12
-5.357333568816978970E-6
-31.92253912828597250E-6
-21.99881655744250960E-6
 10.81783126636823060E-6
 22.01200750909323740E-6
 8.046499123647565810E-6
-4.509644724356367540E-6
-4.408263547692783390E-6
-621.3744518484002130E-9
-89.51376823193857040E-15
-551.9445611927386610E-9

