-17.69216238545698870E-6
-32.12928901920035680E-6
-51.55729633441122670E-6
-75.71875230571180280E-6
-103.3616942082488780E-6
-131.8625811586392160E-6
-156.8329560624303840E-6
-171.7396541718743490E-6
-167.5744704616360250E-6
-132.6132512666664520E-6
-52.30565586966939410E-6
 90.66526369637759330E-6
 316.1203681681437270E-6
 645.8950115969281570E-6
 0.001103112543045486
 0.001711226575545414
 0.002492856038019988
 0.003468455895015469
 0.004654884506706321
 0.006063944329447733
 0.007700984483123242
 0.009563660271732251
 0.011640944989122583
 0.013912482657013597
 0.016348356632976360
 0.018909328764609101
 0.021547577991076514
 0.024207937556065193
 0.026829598261377704
 0.029348213692975446
 0.031698314424978197
 0.033815914096012062
 0.035641172923016440
 0.037120975188766725
 0.038211277443684230
 0.038879093854966643
 0.039104003857037148
 0.038879093854966643
 0.038211277443684230
 0.037120975188766725
 0.035641172923016440
 0.033815914096012062
 0.031698314424978197
 0.029348213692975446
 0.026829598261377704
 0.024207937556065193
 0.021547577991076514
 0.018909328764609101
 0.016348356632976360
 0.013912482657013597
 0.011640944989122583
 0.009563660271732251
 0.007700984483123242
 0.006063944329447733
 0.004654884506706321
 0.003468455895015469
 0.002492856038019988
 0.001711226575545414
 0.001103112543045486
 645.8950115969281570E-6
 316.1203681681437270E-6
 90.66526369637759330E-6
-52.30565586966939410E-6
-132.6132512666664520E-6
-167.5744704616360250E-6
-171.7396541718743490E-6
-156.8329560624303840E-6
-131.8625811586392160E-6
-103.3616942082488780E-6
-75.71875230571180280E-6
-51.55729633441122670E-6
-32.12928901920035680E-6
-17.69216238545698870E-6

