 68.70338705065753970E-9
-5.531219679353776900E-6
-41.13440433643012990E-6
-179.3039458542351380E-6
-538.6292255356864870E-6
-0.001222848311858347
-0.002161015320597352
-0.002875721657756961
-0.002290203506798189
 0.001254728154709950
 0.009632887389575569
 0.024213833627570576
 0.045014308991800658
 0.070097902091942874
 0.095613800159468729
 0.116622692550535798
 0.128516624198694807
 0.128516624198694807
 0.116622692550535798
 0.095613800159468729
 0.070097902091942874
 0.045014308991800658
 0.024213833627570576
 0.009632887389575569
 0.001254728154709950
-0.002290203506798189
-0.002875721657756961
-0.002161015320597352
-0.001222848311858347
-538.6292255356864870E-6
-179.3039458542351380E-6
-41.13440433643012990E-6
-5.531219679353776900E-6
 68.70338705065753970E-9

