120000 1.471118672900754 0.48570203095904574 0.018934831899561827
130000 1.4491542211922221 0.4597197588221378 0.013444740103554802
140000 1.432158472341712 0.439997534299136 0.00982887192544203
150000 1.4187425067014776 0.42467500898335375 0.007354756707860131
160000 1.4079776152646817 0.4125645347965949 0.005609882425035799
170000 1.3990991264422705 0.4026758759993564 0.004361767349890584
180000 1.3917456897011489 0.39459046220004196 0.0034447572589489995
190000 1.3855406732463762 0.3878284300421786 0.002762152377043445
200000 1.380366072307969 0.382226567827996 0.002229638672494137
210000 1.375885901990457 0.3774269762693636 0.0018287798540175169
220000 1.3720177308068577 0.3732958514966557 0.001512705179750022
230000 1.3686918737445442 0.36975999885718236 0.0012581773054957145
240000 1.3657048408532624 0.3665966984587189 0.0010607048869283157
250000 1.3631510167499297 0.3639160252867684 0.0008982632691934228
260000 1.360886954019956 0.3615410043213263 0.0007643519505068975
270000 1.3588108049472662 0.3593717049381185 0.0006592942075166626
280000 1.3569942518705387 0.3574760893264268 0.0005685047291488423
290000 1.355386342137693 0.3558046718166551 0.0004919961944430765
300000 1.3539733513544607 0.35433997901465075 0.000425973880325393
310000 1.352562136209338 0.3528810075192016 0.00037801053967061714
320000 1.3513763138129997 0.3516571852564142 0.0003319990348784547
330000 1.3503245294289734 0.350576903137199 0.0002925826571300034
340000 1.34934142807926 0.3495620117127483 0.00025762231329733794
350000 1.348439218014875 0.3486359716148759 0.0002289610350013575
360000 1.3475785381520182 0.3477558096096479 0.00020628597939689874
370000 1.3468022692533563 0.34696263271037636 0.0001858272394643826
380000 1.3461170716614352 0.34626223591338534 0.00016642948004964026
390000 1.3454793350153613 0.3456051006456834 0.00014742012175484492
400000 1.3448991505750953 0.3450174353355666 0.00013392909770866627
410000 1.3443243976945485 0.34443016081180344 0.00012129802718576756
420000 1.343825662431628 0.3439224406766675 0.00010957513124029707
430000 1.3433514039539838 0.34343858461840504 9.895330307967239e-05
440000 1.3429123629325925 0.3429925115681256 8.99980093853202e-05
450000 1.3424980099361972 0.34257293547112655 8.258901133959695e-05
460000 1.3419421075557407 0.3420081524511543 7.966981963809779e-05
470000 1.3416516887920007 0.34171078528861276 7.025165996337464e-05
480000 1.3412951207114865 0.3413487132091231 6.461973189124834e-05
490000 1.3410220954497123 0.3410742496846445 5.9195211357553744e-05
500000 1.3407556134526948 0.3408038043449122 5.3561355719564906e-05
510000 1.3404143649917488 0.340456309507861 4.978721724525936e-05
520000 1.3401707725746883 0.34021157338058394 4.617236353484824e-05
530000 1.3398953171965036 0.3399340232370218 4.3592733123286605e-05
540000 1.3396204931611448 0.3396532332775264 3.993498072107275e-05
550000 1.339450275677204 0.33948400483922125 3.715655268870659e-05
560000 1.3392285720297692 0.3392586751416786 3.414511051945663e-05
570000 1.3389825340968704 0.33901052604024157 3.262721999501166e-05
580000 1.338771323540942 0.3387970499205806 3.062692541292531e-05
590000 1.3386560807138679 0.33868208861798077 2.807653927288337e-05
600000 1.338465431418186 0.3384884854670031 2.600007222558874e-05
610000 1.338273971050543 0.3382948585570884 2.44912810769849e-05
620000 1.3380968300347096 0.33811668673812667 2.3392894625633264e-05
630000 1.3379954338979498 0.33801485344952104 2.1423768238733352e-05
640000 1.3378134052305386 0.3378314897328665 2.067065824584923e-05
650000 1.3376991644881921 0.3377164000932801 1.915428420739721e-05
660000 1.337577583427233 0.3375933320203009 1.7667958636294568e-05
670000 1.337433556925433 0.337449128430792 1.7216049306789374e-05
680000 1.3373022441532805 0.3373163162383117 1.6141996140687844e-05
690000 1.3371766980820263 0.3371896924675202 1.52686125835536e-05
700000 1.3371081571715933 0.33712039737539506 1.3832842957079352e-05
710000 1.336984769393552 0.33699692048071667 1.3551478003775313e-05
720000 1.3368812713291356 0.336892673401166 1.2810732783496852e-05
730000 1.3368140544231015 0.3368247195567937 1.169037675085039e-05
740000 1.3367304978195138 0.3367405245854302 1.0913561688636895e-05
750000 1.3366276412169709 0.33663675082070577 1.0332928620933515e-05
760000 1.3365416188282255 0.3365510357791324 1.0121079282852585e-05
770000 1.3364154856983 0.33642421451171345 1.0018162177050682e-05
780000 1.3363388315625753 0.3363464573049103 9.212828008478027e-06
790000 1.336257784462037 0.3362654076459692 8.970933411381874e-06
800000 1.3361612596928094 0.3361681646380198 8.64098225630851e-06
810000 1.3361453105043994 0.3361520403481608 7.727281397072838e-06
820000 1.3360696583046934 0.33607656880823755 7.643784443959938e-06
830000 1.3360195738832936 0.33602565364353304 6.91433417562492e-06
840000 1.335962620280057 0.33596833531851766 6.49109148752624e-06
850000 1.3358928783523847 0.3358983917955211 6.294640214162663e-06
860000 1.3358333572372008 0.3358384575397869 5.941004097639898e-06
870000 1.335758342166211 0.3357632469924906 5.848903983728974e-06
880000 1.335722241259602 0.33572729808065294 5.576950144498039e-06
890000 1.3356879201542708 0.3356935076148714 5.482529154384649e-06
900000 1.3356221493964773 0.3356267081331911 5.027408102076978e-06
910000 1.3355880815546164 0.335592446704272 4.677884869988257e-06
920000 1.3354984553791498 0.33550218955245004 4.6220837338112114e-06
930000 1.33547126194821 0.3354750277011032 4.353609950263691e-06
940000 1.335376481515019 0.33537974695859174 4.412262692864571e-06
950000 1.3353843621234192 0.3353877774977205 3.962321926826152e-06
960000 1.3352861028888399 0.33528926776035706 4.169972082598722e-06
970000 1.3352876485669891 0.3352908874918147 3.7809145975730936e-06
980000 1.3352218898009398 0.3352250815462892 3.851247172868837e-06
990000 1.33525673742938 0.33525981219526463 3.188829101944378e-06
1000000 1.3351833247386191 0.33518634191141505 3.3324814722918507e-06
1010000 1.3350944311022226 0.3350969483158308 3.394716454290793e-06
1020000 1.3350559611307231 0.335058506081769 3.3436634831895326e-06
1030000 1.3350942944187612 0.33509694698352244 2.8361230860429915e-06
1040000 1.3350942944187612 0.33509694698352244 2.555752648126279e-06
1050000 1.3350277397499988 0.3350303031530272 2.6719182799780458e-06
1060000 1.3349619809839495 0.33496449720750165 2.801627675950594e-06
1070000 1.3349397530716278 0.3349417485249132 2.4669693676654543e-06
1080000 1.3349128071066731 0.33491468462907076 2.3416015039374353e-06
1090000 1.3348589151767636 0.3348605568373859 2.330772114018774e-06
1100000 1.3348175636431572 0.3348191217763441 2.3149615325040592e-06
1110000 1.3348594955788369 0.3348613333269999 1.99050886151774e-06
1120000 1.3347919323973407 0.3347940181586845 2.2767021524548274e-06
1130000 1.3347980449687427 0.3347998863130738 1.9513783177939685e-06
1140000 1.334786009869092 0.3347879809209747 1.8941467349841937e-06
1150000 1.334694946175334 0.3346963648540865 1.966789495606925e-06
1160000 1.3347268518482691 0.33472850973904905 1.7382178108623113e-06
1170000 1.334729717011074 0.33473145793508996 1.6044045170264306e-06
1180000 1.334729717011074 0.33473145793508996 1.4583215746550216e-06
1190000 1.3345528684318029 0.3345542215581485 2.0190367427740777e-06
1200000 1.334614114170411 0.3346157142888825 1.6853911162915538e-06
1210000 1.33456815258581 0.33456960929861285 1.70894226851011e-06
1220000 1.33456815258581 0.33456960929861285 1.5799093872386578e-06
1230000 1.3345546652624214 0.3345558993265505 1.4239805132638651e-06
1240000 1.3345546652624214 0.3345558993265505 1.306966505932683e-06
1250000 1.3344964388903238 0.33449769723995537 1.4645327342174167e-06
1260000 1.3345445676960186 0.3345458393776801 1.1508791854456493e-06
1270000 1.3345445676960186 0.3345458393776801 1.0503250557107467e-06
1280000 1.3345445676960186 0.3345458393776801 9.549165670729795e-07
1290000 1.3344831612982966 0.3344843302572413 1.0760560445333484e-06
1300000 1.3344156081659149 0.33441659456449857 1.184977065997695e-06
1310000 1.3344156081659149 0.33441659456449857 1.0954430559944424e-06
1320000 1.3344064788833894 0.3344075520652206 1.083804511118036e-06
1330000 1.3343977648889713 0.33439854326131424 9.09875461869798e-07
1340000 1.3343407125409894 0.33434177569323775 1.1741742057088332e-06
1350000 1.3343461420355385 0.33434695761558075 9.696341278372387e-07
1360000 1.3343461420355385 0.33434695761558075 8.95939777746008e-07
1370000 1.3343246010579255 0.33432537187712397 8.860660587162854e-07
1380000 1.3342532008529984 0.3342539075850707 1.0504330792194198e-06
1390000 1.334250659375965 0.3342513924313145 1.0022323187611536e-06
1400000 1.334250659375965 0.3342513924313145 9.365715725448892e-07
1410000 1.3342685479467082 0.33426939229305885 8.592784021863788e-07
1420000 1.3342685479467082 0.33426939229305885 8.002667397874504e-07
1430000 1.3342465487355417 0.33424737220082634 8.095658075301676e-07
1440000 1.3342522131450627 0.33425294924092896 6.982354964250149e-07
1450000 1.3342434407141637 0.3342442437531913 7.038313084161598e-07
1460000 1.3341570789587034 0.33415759498511743 8.112999087645881e-07
1470000 1.3341614057375257 0.3341619582674059 7.613466743303216e-07
1480000 1.3341891637242604 0.3341898305579447 6.732273707746117e-07
1490000 1.334176998791854 0.33417765290461754 6.597010524172945e-07
1500000 1.3341245229812149 0.3341250509334268 7.226679585978746e-07
1510000 1.33415581208565 0.33415645603548727 6.325555966088618e-07
1520000 1.33415581208565 0.33415645603548727 5.908790346591637e-07
1530000 1.3340759980023185 0.3340762823388026 6.32814649497641e-07
1540000 1.3341368857586304 0.3341375344010007 5.701570393649536e-07
1550000 1.3341368857586304 0.3341375344010007 5.32852282553e-07
1560000 1.3341038869418804 0.33410450426265187 5.777351675267847e-07
1570000 1.3340928873362972 0.33409349421653556 5.687767201971627e-07
1580000 1.3340928873362972 0.33409349421653556 5.344082749856398e-07
1590000 1.3340928873362972 0.33409349421653556 5.014432247952997e-07
1600000 1.3340928873362972 0.33409349421653556 4.6982327515980534e-07
1610000 1.3340928873362972 0.33409349421653556 4.3949279322052153e-07
1620000 1.3340260001588113 0.3340263431392737 4.736449813763622e-07
1630000 1.3340260001588113 0.3340263431392737 4.43567476388047e-07
1640000 1.3340260001588113 0.3340263431392737 4.146665964033178e-07
1650000 1.3339545999538842 0.3339548788472204 5.413580922688836e-07
1660000 1.3340260001588113 0.3340263431392737 3.6020796019739307e-07
1670000 1.3340260001588113 0.3340263431392737 3.345619420776513e-07
1680000 1.3339449442603772 0.33394527532819623 5.041864614176813e-07
1690000 1.3339543227214983 0.33395475755535575 5.000821730354424e-07
1700000 1.3339543227214983 0.33395475755535575 4.752842849763493e-07
1710000 1.3339703147805642 0.3339706413780287 3.667674227683177e-07
1720000 1.3339703147805642 0.3339706413780287 3.4421339990906893e-07
1730000 1.3339703147805642 0.3339706413780287 3.2250465022433706e-07
1740000 1.3339703147805642 0.3339706413780287 3.016088843224139e-07
1750000 1.3339495863079143 0.33394987886267424 3.138201118524051e-07
1760000 1.3339495863079143 0.33394987886267424 2.9392637501886747e-07
1770000 1.3338773735980243 0.3338775913475186 4.0258762128727727e-07
1780000 1.3338804503476343 0.3338808084325124 4.3613271413780853e-07
1790000 1.3338804503476343 0.3338808084325124 4.1667447682350996e-07
1800000 1.333884991902322 0.33388521086754774 3.2814085132471176e-07
1810000 1.333884991902322 0.33388521086754774 3.10124233251866e-07
1820000 1.333884991902322 0.33388521086754774 2.927392041378652e-07
1830000 1.333884991902322 0.33388521086754774 2.759629443243229e-07
1840000 1.333884991902322 0.33388521086754774 2.5977354341052594e-07
1850000 1.333884991902322 0.33388521086754774 2.44149961295104e-07
1860000 1.333884991902322 0.33388521086754774 2.2907198883193137e-07
1870000 1.3338135933498911 0.3338137317679057 3.215975572299063e-07
1880000 1.3338466558697626 0.33384694782339697 3.073377572086368e-07
1890000 1.3338466558697626 0.33384694782339697 2.929916390544038e-07
1900000 1.3338676810761458 0.3338679059391845 2.0970113678571546e-07
1910000 1.3338017666713005 0.33380194282777526 3.012329156765421e-07
1920000 1.3338385127683354 0.3338386857690234 2.167817364692198e-07
1930000 1.3338385127683354 0.3338386857690234 2.041150825280902e-07
1940000 1.3338385127683354 0.3338386857690234 1.918721772417771e-07
1950000 1.3338192690505104 0.33381953451619406 2.551350216914346e-07
1960000 1.3338192690505104 0.33381953451619406 2.4334190605527476e-07
1970000 1.3338192690505104 0.33381953451619406 2.3193614422766066e-07
1980000 1.3338192690505104 0.33381953451619406 2.209047318076759e-07
1990000 1.3338192690505104 0.33381953451619406 2.1023514481980327e-07
2000000 1.3338192690505104 0.33381953451619406 1.9991532100614769e-07
2010000 1.3338192690505104 0.33381953451619406 1.899336399614547e-07
2020000 1.3338192690505104 0.33381953451619406 1.8027890567893507e-07
2030000 1.3338192690505104 0.33381953451619406 1.7094032919251195e-07
2040000 1.3338192690505104 0.33381953451619406 1.6190751276198134e-07
2050000 1.3338192690505104 0.33381953451619406 1.5317043290097126e-07
2060000 1.3338192690505104 0.33381953451619406 1.4471942620144116e-07
2070000 1.3338192690505104 0.33381953451619406 1.365451755439044e-07
2080000 1.3338192690505104 0.33381953451619406 1.2863869486115293e-07
2090000 1.3337698524424564 0.33377002869794975 1.6106692945855556e-07
2100000 1.3337216447699456 0.33372169201218416 1.731429366322308e-07
2110000 1.3337216447699456 0.33372169201218416 1.64532308438593e-07
2120000 1.3337216447699456 0.33372169201218416 1.5617708963373268e-07
2130000 1.3337216447699456 0.33372169201218416 1.4806938538254686e-07
2140000 1.3337216447699456 0.33372169201218416 1.4020157163197581e-07
2150000 1.3337514656514493 0.3337516617547297 1.520743166814345e-07
2160000 1.3337514656514493 0.3337516617547297 1.4508073431723048e-07
2170000 1.3337514656514493 0.3337516617547297 1.3829996148666392e-07
2180000 1.3337514656514493 0.3337516617547297 1.3172546102578988e-07
2190000 1.3336958101938245 0.3336958767281266 1.4999756462626495e-07
2200000 1.3336958101938245 0.3336958767281266 1.4308414115141153e-07
2210000 1.3336958101938245 0.3336958767281266 1.363685707886901e-07
2220000 1.3336958101938245 0.3336958767281266 1.298449725015498e-07
2230000 1.3336958101938245 0.3336958767281266 1.2350765888972677e-07
2240000 1.3336958101938245 0.3336958767281266 1.1735112914969484e-07
2250000 1.3336958101938245 0.3336958767281266 1.1137006145651748e-07
2260000 1.3336958101938245 0.3336958767281266 1.0555930766008244e-07
2270000 1.3336958101938245 0.3336958767281266 9.991388614911261e-08
2280000 1.3336958101938245 0.3336958767281266 9.442897577593476e-08
2290000 1.3336958101938245 0.3336958767281266 8.909991122773711e-08
2300000 1.3336194509904193 0.33361948733429936 1.7122141607337216e-07
2310000 1.3336194509904193 0.33361948733429936 1.6532446477130272e-07
2320000 1.3336194509904193 0.33361948733429936 1.5958139135578406e-07
2330000 1.3336194509904193 0.33361948733429936 1.539879064094378e-07
2340000 1.3336194509904193 0.33361948733429936 1.4853985397738258e-07
2350000 1.3336194509904193 0.33361948733429936 1.4323320626345777e-07
2360000 1.3336194509904193 0.33361948733429936 1.380640608336958e-07
2370000 1.3336194509904193 0.33361948733429936 1.330286342517831e-07
2380000 1.3336194509904193 0.33361948733429936 1.28123260053992e-07
2390000 1.3336194509904193 0.33361948733429936 1.2334438305966813e-07
2400000 1.3336194509904193 0.33361948733429936 1.186885563818329e-07
2410000 1.3336194509904193 0.33361948733429936 1.1415243776275595e-07
2420000 1.333647864150061 0.3336480085256531 1.2274294752198341e-07
2430000 1.333647864150061 0.3336480085256531 1.1871473969761558e-07
2440000 1.3336134760998242 0.3336134924359399 9.955092070294295e-08
2450000 1.3336134760998242 0.3336134924359399 9.540515008136547e-08
2460000 1.3336203762129746 0.3336204865293964 1.2410669845901375e-07
2470000 1.3336203762129746 0.3336204865293964 1.2023355638966985e-07
2480000 1.3336203762129746 0.3336204865293964 1.1645925657098629e-07
2490000 1.3336203762129746 0.3336204865293964 1.127811776748685e-07
2500000 1.333628501835356 0.3336285489883566 7.281783139773641e-08
2510000 1.333628501835356 0.3336285489883566 6.939569694420841e-08
2520000 1.333628501835356 0.3336285489883566 6.606152830540928e-08
2530000 1.333628501835356 0.3336285489883566 6.281301061561638e-08
2540000 1.333628501835356 0.3336285489883566 5.964789622260137e-08
2550000 1.3335845592846547 0.3335845742890231 8.964522055422951e-08
2560000 1.3335845592846547 0.3335845742890231 8.627406848053964e-08
2570000 1.3335845592846547 0.3335845742890231 8.298421958532109e-08
2580000 1.3335845592846547 0.3335845742890231 7.977360837780027e-08
2590000 1.3335845592846547 0.3335845742890231 7.66402271303035e-08
2600000 1.3335620425339672 0.3335620599122459 9.777567051862346e-08
2610000 1.3335798918857387 0.33357988263650135 6.486248149627828e-08
2620000 1.3335798918857387 0.33357988263650135 6.19127871395361e-08
2630000 1.3335798918857387 0.33357988263650135 5.903325644823264e-08
2640000 1.3335798918857387 0.33357988263650135 5.622214090542756e-08
2650000 1.3335798918857387 0.33357988263650135 5.3477740789066116e-08
2660000 1.3335798918857387 0.33357988263650135 5.0798403243328745e-08
2670000 1.3335612279832905 0.33356129356092784 9.879145137593202e-08
2680000 1.3335612279832905 0.33356129356092784 9.610269822558794e-08
2690000 1.3335612279832905 0.33356129356092784 9.347581340255734e-08
2700000 1.3335612279832905 0.33356129356092784 9.090929545041172e-08
2710000 1.3335612279832905 0.33356129356092784 8.840168322154147e-08
2720000 1.3335612279832905 0.33356129356092784 8.595155510569707e-08
2730000 1.3335411711686165 0.33354121901927736 9.459946034883762e-08
2740000 1.3335411711686165 0.33354121901927736 9.212378878171283e-08
2750000 1.3335411711686165 0.33354121901927736 8.970304364227228e-08
2760000 1.3335411711686165 0.33354121901927736 8.733592752552184e-08
2770000 1.3335411711686165 0.33354121901927736 8.502117726003729e-08
2780000 1.3335411711686165 0.33354121901927736 8.27575631365049e-08
2790000 1.333551988407565 0.3335520102596158 5.9617420392995e-08
2800000 1.333551988407565 0.3335520102596158 5.7521147210251875e-08
2810000 1.333551988407565 0.3335520102596158 5.547177947797135e-08
2820000 1.333551988407565 0.3335520102596158 5.34682205637575e-08
2830000 1.333551988407565 0.3335520102596158 5.150940257213453e-08
2840000 1.333551988407565 0.3335520102596158 4.959428509092297e-08
2850000 1.333551988407565 0.3335520102596158 4.77218547090777e-08
2860000 1.333587688785848 0.33358769929801135 1.0617938242671728e-08
2870000 1.3335740553644104 0.33357409861816356 3.4735366243817445e-08
2880000 1.3335740553644104 0.33357409861816356 3.3114408948926933e-08
2890000 1.3335740553644104 0.33357409861816356 3.153100004955805e-08
2900000 1.3335740553644104 0.33357409861816356 2.998426769771917e-08
2910000 1.3335740553644104 0.33357409861816356 2.847336193562888e-08
2920000 1.3335740553644104 0.33357409861816356 2.6997454213553337e-08
2930000 1.3335740553644104 0.33357409861816356 2.5555737582672822e-08
2940000 1.3335740553644104 0.33357409861816356 2.4147424862860678e-08
2950000 1.3335740553644104 0.33357409861816356 2.277174893198244e-08
2960000 1.3335104233388066 0.3335104231765239 5.314270453848765e-08
2970000 1.3335104233388066 0.3335104231765239 5.1490420366802874e-08
2980000 1.3335104233388066 0.3335104231765239 4.987199487948876e-08
2990000 1.3335104233388066 0.3335104231765239 4.8286689305733847e-08
3000000 1.3335104233388066 0.3335104231765239 4.6733783004062635e-08
3010000 1.3335104233388066 0.3335104231765239 4.521257259444178e-08
3020000 1.3335104233388066 0.3335104231765239 4.3722372440444664e-08
3030000 1.3335104233388066 0.3335104231765239 4.226251252773194e-08
3040000 1.3335104233388066 0.3335104231765239 4.083233942837968e-08
3050000 1.3335104233388066 0.3335104231765239 3.943121552941816e-08
3060000 1.3335104233388066 0.3335104231765239 3.805851777920701e-08
3070000 1.3335104233388066 0.3335104231765239 3.6713639037494146e-08
3080000 1.3335104233388066 0.3335104231765239 3.539598585746347e-08
3090000 1.3335104233388066 0.3335104231765239 3.410497877503364e-08
3100000 1.3335104233388066 0.3335104231765239 3.284005259815687e-08
3110000 1.3335104233388066 0.3335104231765239 3.160065515319389e-08
3120000 1.3335104233388066 0.3335104231765239 3.038624689918347e-08
3130000 1.3335104233388066 0.3335104231765239 2.9196301699304865e-08
3140000 1.3335104233388066 0.3335104231765239 2.8030305277954432e-08
3150000 1.3335104233388066 0.3335104231765239 2.68877552207461e-08
3160000 1.3335104233388066 0.3335104231765239 2.5768161070944526e-08
3170000 1.3335104233388066 0.3335104231765239 2.4671043654436343e-08
3180000 1.3335104233388066 0.3335104231765239 2.359593488686506e-08
3190000 1.3335104233388066 0.3335104231765239 2.2542377291467738e-08
3200000 1.3335104233388066 0.3335104231765239 2.150992448123906e-08
3210000 1.3335104233388066 0.3335104231765239 2.049813942314233e-08
3220000 1.3335104233388066 0.3335104231765239 1.9506595981033673e-08
3230000 1.3335104233388066 0.3335104231765239 1.8534877179872986e-08
3240000 1.3335104233388066 0.3335104231765239 1.758257568788796e-08
3250000 1.3335104233388066 0.3335104231765239 1.6649293430843394e-08
3260000 1.333547795179268 0.33354786972253614 2.3646361978167082e-08
3270000 1.3335095654906914 0.33350958176580375 2.2520850417683208e-08
3280000 1.3335095654906914 0.33350958176580375 2.163901725698416e-08
3290000 1.3335095654906914 0.33350958176580375 2.077472897114936e-08
3300000 1.3335095654906914 0.33350958176580375 1.9927630012762953e-08
3310000 1.3335095654906914 0.33350958176580375 1.909737274188912e-08
3320000 1.3335095654906914 0.33350958176580375 1.8283617136774063e-08
3330000 1.3335095654906914 0.33350958176580375 1.7486031083144425e-08
3340000 1.3335095654906914 0.33350958176580375 1.670428940988008e-08
3350000 1.3335095654906914 0.33350958176580375 1.593807437117803e-08
3360000 1.3335095654906914 0.33350958176580375 1.5187075067956096e-08
3370000 1.3335095654906914 0.33350958176580375 1.4450987640718623e-08
3380000 1.3335095654906914 0.33350958176580375 1.3729514883825633e-08
3390000 1.3335095654906914 0.33350958176580375 1.3022366052627517e-08
3400000 1.3335095654906914 0.33350958176580375 1.2329256477734199e-08
3410000 1.3335242018397295 0.33352423950873583 1.216561435431579e-08
3420000 1.3335242018397295 0.33352423950873583 1.1550963712279935e-08
3430000 1.3334623287568492 0.33346234686392295 3.906384527452681e-08
3440000 1.3334623287568492 0.33346234686392295 3.8262093364771796e-08
3450000 1.3334623287568492 0.33346234686392295 3.747445477052308e-08
3460000 1.3334623287568492 0.33346234686392295 3.6700663819662865e-08
3470000 1.3334623287568492 0.33346234686392295 3.5940460529601696e-08
3480000 1.3334623287568492 0.33346234686392295 3.519359031798039e-08
3490000 1.3334623287568492 0.33346234686392295 3.445980371337193e-08
3500000 1.3334623287568492 0.33346234686392295 3.373885693387803e-08
3510000 1.3334623287568492 0.33346234686392295 3.30305110192346e-08
3520000 1.3334623287568492 0.33346234686392295 3.233453173437911e-08
3530000 1.3334623287568492 0.33346234686392295 3.165068995518166e-08
3540000 1.3334623287568497 0.33346234686392306 3.097876118628138e-08
3550000 1.3334623287568497 0.33346234686392306 3.031852575395202e-08
3560000 1.3334623287568497 0.33346234686392306 2.9669768516803824e-08
3570000 1.3334623287568497 0.33346234686392306 2.9032278287187173e-08
3580000 1.3334623287568497 0.33346234686392306 2.8405848506221857e-08
3590000 1.3334623287568497 0.33346234686392306 2.779027724379716e-08
3600000 1.3334623287568497 0.33346234686392306 2.7185365944946322e-08
3610000 1.3334623287568497 0.33346234686392306 2.6590920394174016e-08
3620000 1.3334623287568497 0.33346234686392306 2.6006750329725457e-08
3630000 1.3334623287568497 0.33346234686392306 2.5432669540019225e-08
3640000 1.3334623287568497 0.33346234686392306 2.486849528505088e-08
3650000 1.3334623287568497 0.33346234686392306 2.4314048392825777e-08
3660000 1.333458518755522 0.3334585418144415 2.7895561063354428e-08
3670000 1.333458518755522 0.3334585418144415 2.734929996461103e-08
3680000 1.333458518755522 0.3334585418144415 2.6812338163664736e-08
3690000 1.333458518755522 0.3334585418144415 2.6284509603370347e-08
3700000 1.333458518755522 0.3334585418144415 2.5765651408861723e-08
3710000 1.333458518755522 0.3334585418144415 2.5255603983984583e-08
3720000 1.333458518755522 0.3334585418144415 2.4754211300594777e-08
3730000 1.333458518755522 0.3334585418144415 2.426131974136544e-08
3740000 1.333458518755522 0.3334585418144415 2.377677916054719e-08
3750000 1.333458518755522 0.3334585418144415 2.3300442208939002e-08
3760000 1.3334433090856297 0.3334433263861646 2.7822002458222563e-08
3770000 1.3334433090856297 0.3334433263861646 2.7321979026279285e-08
3780000 1.3334433090856297 0.3334433263861646 2.6830048518657965e-08
3790000 1.3334433090856297 0.3334433263861646 2.634607139721016e-08
3800000 1.3334433090856297 0.3334433263861646 2.5869910823903115e-08
3810000 1.3334433090856297 0.3334433263861646 2.540143266081978e-08
3820000 1.3334433090856297 0.3334433263861646 2.4940505277293393e-08
3830000 1.3334433090856297 0.3334433263861646 2.4486999742772988e-08
3840000 1.3334433090856297 0.3334433263861646 2.4040789151794242e-08
3850000 1.3334433090856297 0.3334433263861646 2.3601749588306923e-08
3860000 1.3334433090856297 0.3334433263861646 2.3169758872049282e-08
3870000 1.3334433090856297 0.3334433263861646 2.2744697619308247e-08
3880000 1.3334433090856297 0.3334433263861646 2.232644876075575e-08
3890000 1.3334433090856297 0.3334433263861646 2.1914897059285025e-08
3900000 1.3334433090856297 0.3334433263861646 2.1509929206443412e-08
3910000 1.3334433090856297 0.3334433263861646 2.1111434979625254e-08
3920000 1.3334433090856297 0.3334433263861646 2.071930531341711e-08
3930000 1.3334433090856297 0.3334433263861646 2.0333433649656152e-08
3940000 1.3334433090856304 0.3334433263861646 1.995371497310278e-08
3950000 1.3334433090856304 0.3334433263861646 1.9580046968633545e-08
3960000 1.3334433090856304 0.3334433263861646 1.9212328767615527e-08
3970000 1.3334433090856304 0.3334433263861646 1.8850461140771835e-08
3980000 1.3334433090856304 0.3334433263861646 1.849434707677809e-08
3990000 1.3334433090856304 0.3334433263861646 1.8143891107233248e-08
4000000 1.3334433090856304 0.3334433263861646 1.779899959595784e-08
4010000 1.3334433090856304 0.3334433263861646 1.7459580738993995e-08
4020000 1.3334433090856304 0.3334433263861646 1.712554427530724e-08
4030000 1.3334433090856304 0.3334433263861646 1.6796801776084724e-08
4040000 1.3334433090856304 0.3334433263861646 1.6473266066138808e-08
4050000 1.3334433090856304 0.3334433263861646 1.6154851802503506e-08
4060000 1.3334433090856304 0.3334433263861646 1.584147537800179e-08
4070000 1.3334433090856304 0.3334433263861646 1.553305424621637e-08
4080000 1.3334433090856304 0.3334433263861646 1.522950788581718e-08
4090000 1.3334433090856304 0.3334433263861646 1.493075673980118e-08
4100000 1.3334433090856304 0.3334433263861646 1.4636722890521597e-08
4110000 1.333412889745846 0.33341289552961073 2.1885240905336085e-08
4120000 1.333412889745846 0.33341289552961073 2.1539644280823267e-08
4130000 1.333412889745846 0.33341289552961073 2.1198980094353373e-08
4140000 1.333412889745846 0.33341289552961073 2.0863171778340843e-08
4150000 1.333412889745846 0.33341289552961073 2.0532143729527138e-08
4160000 1.333412889745846 0.33341289552961073 2.02058218875772e-08
4170000 1.333412889745846 0.33341289552961073 1.9884133542213994e-08
4180000 1.333412889745846 0.33341289552961073 1.956700714035302e-08
4190000 1.333412889745846 0.33341289552961073 1.9254372286102333e-08
4200000 1.333412889745846 0.33341289552961073 1.894616003006078e-08
4210000 1.333412889745846 0.33341289552961073 1.8642302580019796e-08
4220000 1.333412889745846 0.33341289552961073 1.834273301166516e-08
4230000 1.333412889745846 0.33341289552961073 1.8047385943606237e-08
4240000 1.3334382493074726 0.333438256166622 8.404740409672747e-09
4250000 1.3334382493074726 0.333438256166622 8.163775906283554e-09
4260000 1.3334382493074726 0.333438256166622 7.926519531100138e-09
4270000 1.3334382493074726 0.333438256166622 7.692913038750628e-09
4280000 1.3334382493074726 0.333438256166622 7.462899341055874e-09
4290000 1.3334382493074726 0.333438256166622 7.236422699894949e-09
4300000 1.3334382493074726 0.333438256166622 7.013427087848484e-09
4310000 1.3334382493074726 0.333438256166622 6.7938589847482834e-09
4320000 1.3334382493074726 0.333438256166622 6.577664773993218e-09
4330000 1.3334382493074726 0.333438256166622 6.364791996174915e-09
4340000 1.3334382493074721 0.33343825616662204 6.155189638376001e-09
4350000 1.3334382493074721 0.33343825616662204 5.948806205515203e-09
4360000 1.3334382493074721 0.33343825616662204 5.74559261332971e-09
4370000 1.3334382493074721 0.33343825616662204 5.545499681123808e-09
4380000 1.3334382493074721 0.33343825616662204 5.3484793853945645e-09
4390000 1.3334382493074721 0.33343825616662204 5.154484281235372e-09
4400000 1.3334382493074721 0.33343825616662204 4.963468177365164e-09
4410000 1.3334382493074721 0.33343825616662204 4.7753852682337144e-09
4420000 1.3334382493074721 0.33343825616662204 4.590190519752621e-09
4430000 1.3334382493074721 0.33343825616662204 4.407839862160804e-09
4440000 1.3334382493074721 0.33343825616662204 4.228289900726275e-09
4450000 1.3334382493074721 0.33343825616662204 4.051497915746137e-09
4460000 1.3334382493074721 0.33343825616662204 3.877421766113845e-09
4470000 1.3334382493074721 0.33343825616662204 3.7060205643484335e-09
4480000 1.3334382493074721 0.33343825616662204 3.5372531336705826e-09
4490000 1.3334382493074721 0.33343825616662204 3.3710798402247946e-09
4500000 1.3334382493074721 0.33343825616662204 3.2074616287519412e-09
4510000 1.3334382493074721 0.33343825616662204 3.04635963685828e-09
4520000 1.3334382493074721 0.33343825616662204 2.8877357736119356e-09
4530000 1.3334382493074721 0.33343825616662204 2.731552912408395e-09
4540000 1.3334382493074721 0.33343825616662204 2.5777743123740343e-09
4550000 1.3334382493074721 0.33343825616662204 2.426363714798867e-09
4560000 1.3334382493074721 0.33343825616662204 2.2772853431365486e-09
4570000 1.3334382493074721 0.33343825616662204 2.130505060197332e-09
4580000 1.3334382493074721 0.33343825616662204 1.9859876680311797e-09
4590000 1.3334039217495794 0.33340391577081985 7.615044754391754e-09
4600000 1.3334039217495794 0.33340391577081985 7.425691152127692e-09
4610000 1.3334039217495794 0.33340391577081985 7.238820982264299e-09
4620000 1.3334039217495794 0.33340391577081985 7.054399336151059e-09
4630000 1.3334039217495794 0.33340391577081985 6.872391690868334e-09
4640000 1.3334039217495794 0.33340391577081985 6.692764102092861e-09
4650000 1.3334467211819359 0.33344673341419184 6.389690684002093e-10
4660000 1.3334467211819359 0.33344673341419184 5.230819795896753e-10
4670000 1.3334467211819359 0.33344673341419184 4.090974124051931e-10
4680000 1.3334467211819359 0.33344673341419184 2.969872084862565e-10
4690000 1.3334467211819359 0.33344673341419184 1.8672292017406595e-10
4700000 1.3334467211819359 0.33344673341419184 7.827716056998234e-11
4710000 1.3334467211819359 0.33344673341419184 -2.8377650090177328e-11
4720000 1.3334467211819359 0.33344673341419184 -1.3326788616131188e-10
4730000 1.3333888878110398 0.333388891068076 1.3862447903030931e-08
4740000 1.3333888878110398 0.333388891068076 1.3685179062055469e-08
4750000 1.3333888878110398 0.333388891068076 1.351007513610272e-08
4760000 1.3333888878110398 0.333388891068076 1.3337106713188478e-08
4770000 1.3333888878110398 0.333388891068076 1.316624553852138e-08
4780000 1.3334467211819359 0.33344673341419184 -7.270047900699562e-10
4790000 1.3333803231423924 0.3333803222675218 1.3636251980923954e-08
4800000 1.3333803231423924 0.3333803222675218 1.3460725583101475e-08
4810000 1.3333803231423924 0.3333803222675218 1.3287263135221578e-08
4820000 1.3333803231423924 0.3333803222675218 1.311583773255123e-08
4830000 1.3333803231423924 0.3333803222675218 1.2946422084626355e-08
4840000 1.3333803231423924 0.3333803222675218 1.2778990347473958e-08
4850000 1.3333803231423924 0.3333803222675218 1.2613516484255497e-08
4860000 1.3333803231423924 0.3333803222675218 1.244997474743059e-08
4870000 1.3333803231423924 0.3333803222675218 1.228834016092074e-08
4880000 1.3333803231423924 0.3333803222675218 1.2128587748647395e-08
4890000 1.3333803231423924 0.3333803222675218 1.1970693113128397e-08
4900000 1.3333803231423924 0.3333803222675218 1.1814632435477997e-08
4910000 1.3333803231423924 0.3333803222675218 1.1660381703944901e-08
4920000 1.3333803231423924 0.3333803222675218 1.1507917581806963e-08
4930000 1.3333803231423924 0.3333803222675218 1.1357217118072963e-08
4940000 1.3333803231423924 0.3333803222675218 1.1208257554617112e-08
4950000 1.3333803231423924 0.3333803222675218 1.106101651904455e-08
4960000 1.3333803231423924 0.3333803222675218 1.091547212112408e-08
4970000 1.3333803231423924 0.3333803222675218 1.0771602470624465e-08
4980000 1.3333803231423924 0.3333803222675218 1.0629386063045388e-08
4990000 1.3334210096899723 0.33342102465862944 5.989640458659656e-09
5000000 1.3334210096899723 0.33342102465862944 5.896127311121698e-09
