-0.000998606272947510
 0.000000000000000000
 0.001695637278417295
 0.000000000000000000
-0.003054430179754289
 0.000000000000000000
 0.005055504379767936
 0.000000000000000000
-0.007901319195893647
 0.000000000000000000
 0.011873357051047719
 0.000000000000000000
-0.017411159379930066
 0.000000000000000000
 0.025304817427568772
 0.000000000000000000
-0.037225225204559217
 0.000000000000000000
 0.057533286997004301
 0.000000000000000000
-0.102327462004259350
 0.000000000000000000
 0.317034472508947400
 0.500000000000000000
 0.317034472508947400
 0.000000000000000000
-0.102327462004259350
 0.000000000000000000
 0.057533286997004301
 0.000000000000000000
-0.037225225204559217
 0.000000000000000000
 0.025304817427568772
 0.000000000000000000
-0.017411159379930066
 0.000000000000000000
 0.011873357051047719
 0.000000000000000000
-0.007901319195893647
 0.000000000000000000
 0.005055504379767936
 0.000000000000000000
-0.003054430179754289
 0.000000000000000000
 0.001695637278417295
 0.000000000000000000
-0.000998606272947510
