 11.05107417644345700E-6
-28.87126573751124780E-6
-132.9614640884792890E-6
-368.0806845777109970E-6
-801.2860766448335430E-6
-0.001493723525097442
-0.002475757709236189
-0.003716914254326066
-0.005096054095138254
-0.006379570171960038
-0.007215643489859813
-0.007152334674409715
-0.005682245065159621
-0.002312592750035461
 0.003347573015295875
 0.011496297112696560
 0.022060865074942853
 0.034650510447037757
 0.048553629728683462
 0.062786507832134395
 0.076191656631915294
 0.087573757748452677
 0.095853290196929425
 0.100213091391813489
 0.100213091391813489
 0.095853290196929425
 0.087573757748452677
 0.076191656631915294
 0.062786507832134395
 0.048553629728683462
 0.034650510447037757
 0.022060865074942853
 0.011496297112696560
 0.003347573015295875
-0.002312592750035461
-0.005682245065159621
-0.007152334674409715
-0.007215643489859813
-0.006379570171960038
-0.005096054095138254
-0.003716914254326066
-0.002475757709236189
-0.001493723525097442
-801.2860766448335430E-6
-368.0806845777109970E-6
-132.9614640884792890E-6
-28.87126573751124780E-6
 11.05107417644345700E-6

