-101.2333627967728940E-6
 250.2349833342094310E-6
 645.7865823358838500E-6
 0.001185594446367747
 0.001657018240191376
 0.001762857927351076
 0.001214300532602415
-121.6619257036877710E-6
-0.002078140767210259
-0.004124032578785443
-0.005442547060825374
-0.005173344260750808
-0.002767284054848108
 0.001659610700775450
 0.007126096001020829
 0.011874315545065586
 0.013801096578561531
 0.011159999601558538
 0.003348442989991206
-0.008501044818753632
-0.021379707943018567
-0.030867727135134644
-0.032173069200468529
-0.021504107543364244
 0.002609388318050615
 0.038476290316378871
 0.081205881169622102
 0.123575934759707587
 0.157631268782022660
 0.176600862047171292
 0.176600862047171292
 0.157631268782022660
 0.123575934759707587
 0.081205881169622102
 0.038476290316378871
 0.002609388318050615
-0.021504107543364244
-0.032173069200468529
-0.030867727135134644
-0.021379707943018567
-0.008501044818753632
 0.003348442989991206
 0.011159999601558538
 0.013801096578561531
 0.011874315545065586
 0.007126096001020829
 0.001659610700775450
-0.002767284054848108
-0.005173344260750808
-0.005442547060825374
-0.004124032578785443
-0.002078140767210259
-121.6619257036877710E-6
 0.001214300532602415
 0.001762857927351076
 0.001657018240191376
 0.001185594446367747
 645.7865823358838500E-6
 250.2349833342094310E-6
-101.2333627967728940E-6

