-6.024944095703265390E-6
-179.3116282476914590E-6
-114.3144630284831460E-6
 346.6900566380639930E-6
 12.97819314744456780E-6
-691.1231210873327200E-6
 398.0223054359247500E-6
 992.2733407839514260E-6
-0.001300694645672108
-846.5357976464865710E-6
 0.002633349795237466
-299.4579709377263160E-6
-0.003881928179643443
 0.002860297905595254
 0.004008045840489210
-0.006670828112722870
-0.001681781369186393
 0.010581460701172211
-0.004136807046125633
-0.012345988949021282
 0.013412393492528384
 0.008972014037977604
-0.024342205808966462
 0.002557129985728608
 0.033005692384700254
-0.024710019808282920
-0.033095503235051886
 0.060466323725188065
 0.013083095892308889
-0.123872368771487773
 0.078962010467380966
 0.505738324667211470
 0.505738324667211470
 0.078962010467380966
-0.123872368771487773
 0.013083095892308889
 0.060466323725188065
-0.033095503235051886
-0.024710019808282920
 0.033005692384700254
 0.002557129985728608
-0.024342205808966462
 0.008972014037977604
 0.013412393492528384
-0.012345988949021282
-0.004136807046125633
 0.010581460701172211
-0.001681781369186393
-0.006670828112722870
 0.004008045840489210
 0.002860297905595254
-0.003881928179643443
-299.4579709377263160E-6
 0.002633349795237466
-846.5357976464865710E-6
-0.001300694645672108
 992.2733407839514260E-6
 398.0223054359247500E-6
-691.1231210873327200E-6
 12.97819314744456780E-6
 346.6900566380639930E-6
-114.3144630284831460E-6
-179.3116282476914590E-6
-6.024944095703265390E-6

