 943.2751393821943110E-9
 926.0372462363079650E-9
 827.3576833769327550E-9
 627.0084188778155290E-9
 302.4793702391127110E-9
-171.0621045579397330E-9
-820.7872139928987280E-9
-1.676194274214478420E-6
-2.769066847473399480E-6
-4.133398602388743020E-6
-5.805282119096527360E-6
-7.822758999082206620E-6
-10.22562881575543870E-6
-13.05521465840794270E-6
-16.35408327952831440E-6
-20.16571815353112380E-6
-24.53414409334347110E-6
-29.50350244906558570E-6
-35.11757632868218340E-6
-41.41926573266022870E-6
-48.45001297983218080E-6
-56.24917931834712450E-6
-64.85337415928911750E-6
-74.29573893795411270E-6
-84.60518819441107040E-6
-95.80561106608399770E-6
-107.9150369954942480E-6
-120.9447700704417060E-6
-134.8984970258771060E-6
-149.7713745403497400E-6
-165.5491020487634730E-6
-182.2069868606475890E-6
-199.7090089125027820E-6
-218.0068929872331300E-6
-237.0391966964376420E-6
-256.7304229357171720E-6
-276.9901658825912140E-6
-297.7122999048211800E-6
-318.7742209778463120E-6
-340.0361503680462650E-6
-361.3405104184402030E-6
-382.5113822705366150E-6
-403.3540552662902880E-6
-423.6546775940848870E-6
-443.1800174695688950E-6
-461.6773437742020290E-6
-478.8744346102610050E-6
-494.4797216706802490E-6
-508.1825776660318180E-6
-519.6537533007963250E-6
-528.5459694493647480E-6
-534.4946692524124500E-6
-537.1189338408822780E-6
-536.0225643031826620E-6
-530.7953313476729140E-6
-521.0143928843797310E-6
-506.2458784651888660E-6
-486.0466381894997310E-6
-459.9661523121579880E-6
-427.5485963928136930E-6
-388.3350554116788090E-6
-341.8658788575475570E-6
-287.6831673818535360E-6
-225.3333802198064010E-6
-154.3700512188687240E-6
-74.35659999864694210E-6
 15.13077649259110480E-6
 114.5001479484935060E-6
 224.1408472326957910E-6
 344.4204375071468010E-6
 475.6816689099930500E-6
 618.2394445220722900E-6
 772.3778160237749260E-6
 938.3470299703114960E-6
 0.001116360645994733
 0.001306592748476986
 0.001509175273287495
 0.001724195471120067
 0.001951693528667650
 0.002191660368462935
 0.002444035647603127
 0.002708705974804651
 0.002985503364291034
 0.003274203943909064
 0.003574526933599434
 0.003886133908924666
 0.004208628362787218
 0.004541555576763128
 0.004884402811642391
 0.005236599824817934
 0.005597519720113832
 0.005966480133504595
 0.006342744755965913
 0.006725525192429392
 0.007113983153506487
 0.007507232974317534
 0.007904344452428168
 0.008304345994576343
 0.008706228059586693
 0.009108946882633704
 0.009511428463849806
 0.009912572802196205
 0.010311258353542085
 0.010706346690046966
 0.011096687336229066
 0.011481122755544049
 0.011858493459907514
 0.012227643213384699
 0.012587424300252602
 0.012936702826824204
 0.013274364025819765
 0.013599317531682977
 0.013910502595075858
 0.014206893204848395
 0.014487503086069400
 0.014751390543222350
 0.014997663118413995
 0.015225482035407393
 0.015434066401471739
 0.015622697140429659
 0.015790720631868746
 0.015937552033258712
 0.016062678263664233
 0.016165660629853015
 0.016246137077853145
 0.016303824055397206
 0.016338517973183645
 0.016350096255471708
 0.016338517973183645
 0.016303824055397206
 0.016246137077853145
 0.016165660629853015
 0.016062678263664233
 0.015937552033258712
 0.015790720631868746
 0.015622697140429659
 0.015434066401471739
 0.015225482035407393
 0.014997663118413995
 0.014751390543222350
 0.014487503086069400
 0.014206893204848395
 0.013910502595075858
 0.013599317531682977
 0.013274364025819765
 0.012936702826824204
 0.012587424300252602
 0.012227643213384699
 0.011858493459907514
 0.011481122755544049
 0.011096687336229066
 0.010706346690046966
 0.010311258353542085
 0.009912572802196205
 0.009511428463849806
 0.009108946882633704
 0.008706228059586693
 0.008304345994576343
 0.007904344452428168
 0.007507232974317534
 0.007113983153506487
 0.006725525192429392
 0.006342744755965913
 0.005966480133504595
 0.005597519720113832
 0.005236599824817934
 0.004884402811642391
 0.004541555576763128
 0.004208628362787218
 0.003886133908924666
 0.003574526933599434
 0.003274203943909064
 0.002985503364291034
 0.002708705974804651
 0.002444035647603127
 0.002191660368462935
 0.001951693528667650
 0.001724195471120067
 0.001509175273287495
 0.001306592748476986
 0.001116360645994733
 938.3470299703114960E-6
 772.3778160237749260E-6
 618.2394445220722900E-6
 475.6816689099930500E-6
 344.4204375071468010E-6
 224.1408472326957910E-6
 114.5001479484935060E-6
 15.13077649259110480E-6
-74.35659999864694210E-6
-154.3700512188687240E-6
-225.3333802198064010E-6
-287.6831673818535360E-6
-341.8658788575475570E-6
-388.3350554116788090E-6
-427.5485963928136930E-6
-459.9661523121579880E-6
-486.0466381894997310E-6
-506.2458784651888660E-6
-521.0143928843797310E-6
-530.7953313476729140E-6
-536.0225643031826620E-6
-537.1189338408822780E-6
-534.4946692524124500E-6
-528.5459694493647480E-6
-519.6537533007963250E-6
-508.1825776660318180E-6
-494.4797216706802490E-6
-478.8744346102610050E-6
-461.6773437742020290E-6
-443.1800174695688950E-6
-423.6546775940848870E-6
-403.3540552662902880E-6
-382.5113822705366150E-6
-361.3405104184402030E-6
-340.0361503680462650E-6
-318.7742209778463120E-6
-297.7122999048211800E-6
-276.9901658825912140E-6
-256.7304229357171720E-6
-237.0391966964376420E-6
-218.0068929872331300E-6
-199.7090089125027820E-6
-182.2069868606475890E-6
-165.5491020487634730E-6
-149.7713745403497400E-6
-134.8984970258771060E-6
-120.9447700704417060E-6
-107.9150369954942480E-6
-95.80561106608399770E-6
-84.60518819441107040E-6
-74.29573893795411270E-6
-64.85337415928911750E-6
-56.24917931834712450E-6
-48.45001297983218080E-6
-41.41926573266022870E-6
-35.11757632868218340E-6
-29.50350244906558570E-6
-24.53414409334347110E-6
-20.16571815353112380E-6
-16.35408327952831440E-6
-13.05521465840794270E-6
-10.22562881575543870E-6
-7.822758999082206620E-6
-5.805282119096527360E-6
-4.133398602388743020E-6
-2.769066847473399480E-6
-1.676194274214478420E-6
-820.7872139928987280E-9
-171.0621045579397330E-9
 302.4793702391127110E-9
 627.0084188778155290E-9
 827.3576833769327550E-9
 926.0372462363079650E-9
 943.2751393821943110E-9

