 57.15256325360460470E-6
 192.1890742230638690E-6
 130.8924457352844400E-6
-251.3635244584271790E-6
-493.3404028342242780E-6
 77.50383103951406840E-6
 974.4029284217766640E-6
 610.1163562844876650E-6
-0.001215392754241679
-0.001883442809560081
 638.5185345325043040E-6
 0.003398105496597710
 0.001304193713296104
-0.004263973455985988
-0.004718683796596493
 0.003189359422835115
 0.008844809952980672
 0.001042610379955156
-0.011857715353388927
-0.008866728152723675
 0.011074409790223456
 0.019245637275917958
-0.003555785030132795
-0.029259387420526629
-0.013214355941609024
 0.033975646835034373
 0.041406225070179527
-0.025570615848760026
-0.086591106597953327
-0.016041669060514054
 0.194709015670408242
 0.387046237643352109
 0.387046237643352109
 0.194709015670408242
-0.016041669060514054
-0.086591106597953327
-0.025570615848760026
 0.041406225070179527
 0.033975646835034373
-0.013214355941609024
-0.029259387420526629
-0.003555785030132795
 0.019245637275917958
 0.011074409790223456
-0.008866728152723675
-0.011857715353388927
 0.001042610379955156
 0.008844809952980672
 0.003189359422835115
-0.004718683796596493
-0.004263973455985988
 0.001304193713296104
 0.003398105496597710
 638.5185345325043040E-6
-0.001883442809560081
-0.001215392754241679
 610.1163562844876650E-6
 974.4029284217766640E-6
 77.50383103951406840E-6
-493.3404028342242780E-6
-251.3635244584271790E-6
 130.8924457352844400E-6
 192.1890742230638690E-6
 57.15256325360460470E-6

