 1.071361603167956030E-6
 1.256325392088583070E-6
 674.7546465133814310E-9
-603.7798498649284510E-9
-2.000568330147459940E-6
-2.640067702858986290E-6
-1.838270892916681110E-6
 379.2467884880893510E-9
 3.068593159144433540E-6
 4.696997298877896300E-6
 3.947564063409247480E-6
 609.9882368110916100E-9
-3.988656210839623300E-6
-7.403287295917780680E-6
-7.289039694078941700E-6
-2.854365085014484830E-6
 4.291738702759386290E-6
 10.55518455468863340E-6
 12.06252835861764970E-6
 6.904751079071970390E-6
-3.316449393986373730E-6
-13.70815969161922610E-6
-18.29555971168359110E-6
-13.30247869748406410E-6
 226.8236270197082830E-9
 16.12904519056462500E-6
 25.74808743112789950E-6
 22.48031158956483110E-6
 5.934235710980656720E-6
-16.77317243539675930E-6
-33.81834309820515470E-6
-34.63832845468142100E-6
-16.15076596689337410E-6
 14.29878997415454660E-6
 41.46367453115502140E-6
 49.60340770917653690E-6
 31.29768534104854890E-6
-7.129752523826846660E-6
-47.15242073727863210E-6
-66.68580026350791460E-6
-51.96694792262491800E-6
-6.425586813233412190E-6
 48.86358148918920110E-6
 84.55060669854192670E-6
 78.26601466073515210E-6
 27.99618773356820970E-6
-44.14982830768535390E-6
-101.1251830876800140E-6
-109.6050234825145110E-6
-58.91416548471372750E-6
 30.27600110229160540E-6
 113.5649516113636250E-6
 144.4948828613455590E-6
 99.93556658765479030E-6
-4.439579053930241770E-6
-118.2992429926229930E-6
-180.3831307348078780E-6
-150.9350543440498600E-6
-35.92810007829487520E-6
 111.1752737610898410E-6
 213.5570117467351280E-6
 210.6012313712930960E-6
 92.79040109782383180E-6
-87.71203227517733580E-6
-239.1431397898804220E-6
-276.1658155651600170E-6
-167.0844183066329260E-6
 43.46688137536866490E-6
 251.2298270909290640E-6
 343.2041599740480250E-6
 258.2812065605393740E-6
 25.49342389801468660E-6
-243.1314479813529490E-6
-405.5458016084157860E-6
-363.9668011546273190E-6
-122.0380455042492680E-6
 207.8041799704512020E-6
 455.3311754727587300E-6
 479.4901045391970340E-6
 247.3671247448349670E-6
-138.4096220395257150E-6
-483.2439789307228470E-6
-597.7267897452107950E-6
-400.4016711816561270E-6
 29.00800583632941000E-6
 478.9379467791708290E-6
 709.0071596307996060E-6
 577.2226002616179130E-6
 124.6527964014073860E-6
-431.6624673948109600E-6
-801.2498758842275490E-6
-770.6187858321187600E-6
-324.3010344394140250E-6
 331.0744529846916750E-6
 860.3325316152576080E-6
 969.8047284154142740E-6
 568.3186083709880450E-6
-168.2055040996017960E-6
-870.7145851062634850E-6
-0.001160363603184582
-851.0018535636539810E-6
-63.46465614534996290E-6
 816.3091220191118960E-6
 0.001324460743368706
 0.001161978219842060
 366.8933858835554820E-6
-681.5786886621084480E-6
-0.001441356281708571
-0.001485848189527531
-740.3956427638117930E-6
 452.8088815594649080E-6
 0.001488224541885963
 0.001802111409122956
 0.001176682314609964
-119.4936347974537510E-6
-0.001441263229369312
-0.002085418459894163
-0.001662097147355454
-324.2494769665543690E-6
 0.001277049378799442
 0.002306165405941401
 0.002176122562785747
 878.3247830667853580E-6
-974.0735725503791400E-6
-0.002431418140148281
-0.002691204491897858
-0.001535456278856488
 514.3615049577875880E-6
 0.002426118757964072
 0.003172915814697128
 0.002280218671056961
 114.9251811176147130E-6
-0.002254487748514665
-0.003580436187891254
-0.003088359418135100
-920.0267128037671680E-6
 0.001881493903176684
 0.003867270948958513
 0.003926430131310832
 0.001899380649723403
-0.001274216659321079
-0.003982058474059786
-0.004751685311537431
-0.003042785431608290
 402.8668890871875870E-6
 0.003869212185690825
 0.005512114655724882
 0.004331024284838073
 758.8535834210526900E-6
-0.003468983688094232
-0.006146329357660145
-0.005736014824847176
-0.002234521973278623
 0.002716256230940784
 0.006582770739075448
 0.007221515668451355
 0.004047656676552348
-0.001536838954411405
-0.006737225666706328
-0.008744382670000772
-0.006227676960246409
-161.1268142844812700E-6
 0.006506596842960856
 0.010256326968661198
 0.008822089131070996
 0.002505787572987438
-0.005754396420746412
-0.011706088130455202
-0.011921781450654022
-0.005702614925524383
 0.004276745150817282
 0.013041901553698280
 0.015717824829796313
 0.010132039221866231
-0.001716844850046063
-0.014214112967496473
-0.020647428750294530
-0.016615743055536078
-0.002682557924014321
 0.015177776720060609
 0.027854559832140243
 0.027322078537064257
 0.010991496340209617
-0.015895070263715980
-0.041222066779490897
-0.050290133078110949
-0.031889689985143375
 0.016337365472445572
 0.085639928632301382
 0.158224937340478850
 0.213098641075534001
 0.233513182192971708
 0.213098641075534001
 0.158224937340478850
 0.085639928632301382
 0.016337365472445572
-0.031889689985143375
-0.050290133078110949
-0.041222066779490897
-0.015895070263715980
 0.010991496340209617
 0.027322078537064257
 0.027854559832140243
 0.015177776720060609
-0.002682557924014321
-0.016615743055536078
-0.020647428750294530
-0.014214112967496473
-0.001716844850046063
 0.010132039221866231
 0.015717824829796313
 0.013041901553698280
 0.004276745150817282
-0.005702614925524383
-0.011921781450654022
-0.011706088130455202
-0.005754396420746412
 0.002505787572987438
 0.008822089131070996
 0.010256326968661198
 0.006506596842960856
-161.1268142844812700E-6
-0.006227676960246409
-0.008744382670000772
-0.006737225666706328
-0.001536838954411405
 0.004047656676552348
 0.007221515668451355
 0.006582770739075448
 0.002716256230940784
-0.002234521973278623
-0.005736014824847176
-0.006146329357660145
-0.003468983688094232
 758.8535834210526900E-6
 0.004331024284838073
 0.005512114655724882
 0.003869212185690825
 402.8668890871875870E-6
-0.003042785431608290
-0.004751685311537431
-0.003982058474059786
-0.001274216659321079
 0.001899380649723403
 0.003926430131310832
 0.003867270948958513
 0.001881493903176684
-920.0267128037671680E-6
-0.003088359418135100
-0.003580436187891254
-0.002254487748514665
 114.9251811176147130E-6
 0.002280218671056961
 0.003172915814697128
 0.002426118757964072
 514.3615049577875880E-6
-0.001535456278856488
-0.002691204491897858
-0.002431418140148281
-974.0735725503791400E-6
 878.3247830667853580E-6
 0.002176122562785747
 0.002306165405941401
 0.001277049378799442
-324.2494769665543690E-6
-0.001662097147355454
-0.002085418459894163
-0.001441263229369312
-119.4936347974537510E-6
 0.001176682314609964
 0.001802111409122956
 0.001488224541885963
 452.8088815594649080E-6
-740.3956427638117930E-6
-0.001485848189527531
-0.001441356281708571
-681.5786886621084480E-6
 366.8933858835554820E-6
 0.001161978219842060
 0.001324460743368706
 816.3091220191118960E-6
-63.46465614534996290E-6
-851.0018535636539810E-6
-0.001160363603184582
-870.7145851062634850E-6
-168.2055040996017960E-6
 568.3186083709880450E-6
 969.8047284154142740E-6
 860.3325316152576080E-6
 331.0744529846916750E-6
-324.3010344394140250E-6
-770.6187858321187600E-6
-801.2498758842275490E-6
-431.6624673948109600E-6
 124.6527964014073860E-6
 577.2226002616179130E-6
 709.0071596307996060E-6
 478.9379467791708290E-6
 29.00800583632941000E-6
-400.4016711816561270E-6
-597.7267897452107950E-6
-483.2439789307228470E-6
-138.4096220395257150E-6
 247.3671247448349670E-6
 479.4901045391970340E-6
 455.3311754727587300E-6
 207.8041799704512020E-6
-122.0380455042492680E-6
-363.9668011546273190E-6
-405.5458016084157860E-6
-243.1314479813529490E-6
 25.49342389801468660E-6
 258.2812065605393740E-6
 343.2041599740480250E-6
 251.2298270909290640E-6
 43.46688137536866490E-6
-167.0844183066329260E-6
-276.1658155651600170E-6
-239.1431397898804220E-6
-87.71203227517733580E-6
 92.79040109782383180E-6
 210.6012313712930960E-6
 213.5570117467351280E-6
 111.1752737610898410E-6
-35.92810007829487520E-6
-150.9350543440498600E-6
-180.3831307348078780E-6
-118.2992429926229930E-6
-4.439579053930241770E-6
 99.93556658765479030E-6
 144.4948828613455590E-6
 113.5649516113636250E-6
 30.27600110229160540E-6
-58.91416548471372750E-6
-109.6050234825145110E-6
-101.1251830876800140E-6
-44.14982830768535390E-6
 27.99618773356820970E-6
 78.26601466073515210E-6
 84.55060669854192670E-6
 48.86358148918920110E-6
-6.425586813233412190E-6
-51.96694792262491800E-6
-66.68580026350791460E-6
-47.15242073727863210E-6
-7.129752523826846660E-6
 31.29768534104854890E-6
 49.60340770917653690E-6
 41.46367453115502140E-6
 14.29878997415454660E-6
-16.15076596689337410E-6
-34.63832845468142100E-6
-33.81834309820515470E-6
-16.77317243539675930E-6
 5.934235710980656720E-6
 22.48031158956483110E-6
 25.74808743112789950E-6
 16.12904519056462500E-6
 226.8236270197082830E-9
-13.30247869748406410E-6
-18.29555971168359110E-6
-13.70815969161922610E-6
-3.316449393986373730E-6
 6.904751079071970390E-6
 12.06252835861764970E-6
 10.55518455468863340E-6
 4.291738702759386290E-6
-2.854365085014484830E-6
-7.289039694078941700E-6
-7.403287295917780680E-6
-3.988656210839623300E-6
 609.9882368110916100E-9
 3.947564063409247480E-6
 4.696997298877896300E-6
 3.068593159144433540E-6
 379.2467884880893510E-9
-1.838270892916681110E-6
-2.640067702858986290E-6
-2.000568330147459940E-6
-603.7798498649284510E-9
 674.7546465133814310E-9
 1.256325392088583070E-6
 1.071361603167956030E-6

