 3.123472772264273000E-6
 8.219920396555277620E-6
 1.277047641939330400E-6
-54.64969019206662890E-6
-208.1938503365750530E-6
-470.7090580549311770E-6
-737.4076985133127660E-6
-732.9208786117030740E-6
-69.63407682626802850E-6
 0.001517957519640194
 0.003808687608677464
 0.005801252425086564
 0.005790453519935745
 0.002032176939903518
-0.006080268383706677
-0.016808826182478573
-0.025580634589703759
-0.025851904469395733
-0.011400956287771913
 0.020675055599770845
 0.067596179386912869
 0.120508019204407735
 0.166663451900345566
 0.193587196500824676
 0.193587196500824676
 0.166663451900345566
 0.120508019204407735
 0.067596179386912869
 0.020675055599770845
-0.011400956287771913
-0.025851904469395733
-0.025580634589703759
-0.016808826182478573
-0.006080268383706677
 0.002032176939903518
 0.005790453519935745
 0.005801252425086564
 0.003808687608677464
 0.001517957519640194
-69.63407682626802850E-6
-732.9208786117030740E-6
-737.4076985133127660E-6
-470.7090580549311770E-6
-208.1938503365750530E-6
-54.64969019206662890E-6
 1.277047641939330400E-6
 8.219920396555277620E-6
 3.123472772264273000E-6

