-27.89787192831009580E-9
-140.3048954604244900E-9
-381.7682316352388620E-9
-542.2432249207428190E-9
-87.07837734868441260E-9
 1.701315501730416240E-6
 5.213198592503676560E-6
 9.770687146336438640E-6
 13.08346148120979710E-6
 11.50945993125758630E-6
 1.550315984156002800E-6
-17.59030616194463190E-6
-41.41671701414420430E-6
-59.18538497174555600E-6
-56.26437547341901540E-6
-20.31957096858398160E-6
 50.19515372586462830E-6
 138.9573524432599360E-6
 210.7203719366485190E-6
 220.2211850390148130E-6
 130.6501183682100870E-6
-63.42898120100216630E-6
-318.7515686195447420E-6
-543.1422666488904270E-6
-619.2696797712317220E-6
-450.6193652934308030E-6
-15.28921346145281390E-6
 595.0428083829413030E-6
 0.001175404675295988
 0.001460394466652197
 0.001223127080928227
 389.5916573645323520E-6
-878.6328290000200240E-6
-0.002180830727992146
-0.002978038137266951
-0.002784463817697999
-0.001391182705969901
 966.3764977757550700E-6
 0.003584898787222894
 0.005461412727453674
 0.005632027591877488
 0.003580740786264309
-434.3152299017702380E-6
-0.005293003529888885
-0.009255441247561905
-0.010512913703083451
-0.007895329225440862
-0.001488336219286181
 0.007103120166541750
 0.015023413312780150
 0.018976410398545401
 0.016383096636946752
 0.006527811542554432
-0.008723884263578891
-0.024967063184031513
-0.036173084931149416
-0.036305582090671848
-0.021202533557426507
 0.009852189807094642
 0.053402740421036883
 0.102253019268531295
 0.147023405064231005
 0.178443646755206825
 0.189743115804333395
 0.178443646755206825
 0.147023405064231005
 0.102253019268531295
 0.053402740421036883
 0.009852189807094642
-0.021202533557426507
-0.036305582090671848
-0.036173084931149416
-0.024967063184031513
-0.008723884263578891
 0.006527811542554432
 0.016383096636946752
 0.018976410398545401
 0.015023413312780150
 0.007103120166541750
-0.001488336219286181
-0.007895329225440862
-0.010512913703083451
-0.009255441247561905
-0.005293003529888885
-434.3152299017702380E-6
 0.003580740786264309
 0.005632027591877488
 0.005461412727453674
 0.003584898787222894
 966.3764977757550700E-6
-0.001391182705969901
-0.002784463817697999
-0.002978038137266951
-0.002180830727992146
-878.6328290000200240E-6
 389.5916573645323520E-6
 0.001223127080928227
 0.001460394466652197
 0.001175404675295988
 595.0428083829413030E-6
-15.28921346145281390E-6
-450.6193652934308030E-6
-619.2696797712317220E-6
-543.1422666488904270E-6
-318.7515686195447420E-6
-63.42898120100216630E-6
 130.6501183682100870E-6
 220.2211850390148130E-6
 210.7203719366485190E-6
 138.9573524432599360E-6
 50.19515372586462830E-6
-20.31957096858398160E-6
-56.26437547341901540E-6
-59.18538497174555600E-6
-41.41671701414420430E-6
-17.59030616194463190E-6
 1.550315984156002800E-6
 11.50945993125758630E-6
 13.08346148120979710E-6
 9.770687146336438640E-6
 5.213198592503676560E-6
 1.701315501730416240E-6
-87.07837734868441260E-9
-542.2432249207428190E-9
-381.7682316352388620E-9
-140.3048954604244900E-9
-27.89787192831009580E-9

