 23.10273074563419020E-6
 27.76574697845410360E-6
 31.33272450272754030E-6
 11.89475499757019780E-6
-45.45901108670987870E-6
-146.4979703622253450E-6
-276.3951984949705430E-6
-392.2723643631967430E-6
-426.5483845417083440E-6
-305.1216722976001850E-6
 19.29422549305300900E-6
 528.7391988783393800E-6
 0.001111020828309718
 0.001560770757468351
 0.001622924061224899
 0.001079581928272591
-140.4475881375011570E-6
-0.001866663534299403
-0.003653349201954993
-0.004845439737618339
-0.004754000125913957
-0.002910406277410662
 674.1491840862739760E-6
 0.005341696272244652
 0.009806364148937347
 0.012409127078679779
 0.011586627365289695
 0.006448913621343515
-0.002703081701624913
-0.014108166173172464
-0.024668903748536905
-0.030514002737773854
-0.027911994272833127
-0.014323141360369114
 0.010697935339454267
 0.045030861635032150
 0.084135822256173817
 0.121842989283742500
 0.151626703388399064
 0.168057412711910548
 0.168057412711910548
 0.151626703388399064
 0.121842989283742500
 0.084135822256173817
 0.045030861635032150
 0.010697935339454267
-0.014323141360369114
-0.027911994272833127
-0.030514002737773854
-0.024668903748536905
-0.014108166173172464
-0.002703081701624913
 0.006448913621343515
 0.011586627365289695
 0.012409127078679779
 0.009806364148937347
 0.005341696272244652
 674.1491840862739760E-6
-0.002910406277410662
-0.004754000125913957
-0.004845439737618339
-0.003653349201954993
-0.001866663534299403
-140.4475881375011570E-6
 0.001079581928272591
 0.001622924061224899
 0.001560770757468351
 0.001111020828309718
 528.7391988783393800E-6
 19.29422549305300900E-6
-305.1216722976001850E-6
-426.5483845417083440E-6
-392.2723643631967430E-6
-276.3951984949705430E-6
-146.4979703622253450E-6
-45.45901108670987870E-6
 11.89475499757019780E-6
 31.33272450272754030E-6
 27.76574697845410360E-6
 23.10273074563419020E-6

