-2.694978634048135200E-6
-8.515112242444709880E-6
-7.297567169920715640E-6
 2.322746942058867780E-6
 12.90719047144295570E-6
 13.33788180216870780E-6
-235.9366760771902140E-9
-17.84800309257221680E-6
-22.12519467353316930E-6
-4.623218205360253740E-6
 22.61286282433612630E-6
 33.98772240879593910E-6
 13.49947783986977970E-6
-26.04346722777843580E-6
-48.93175002174535850E-6
-27.73208607379378780E-6
 26.50241036614921700E-6
 66.48326880921496240E-6
 48.61191589700421640E-6
-21.87184584228517540E-6
-85.52820878031798200E-6
-77.18865274973208560E-6
 9.611213210702224780E-6
 104.1697246473175650E-6
 114.0342433741194550E-6
 13.11359418461380960E-6
-119.6241804664440880E-6
-158.9753833294317930E-6
-49.22172921706173550E-6
 128.1790512796636960E-6
 210.8144864139748900E-6
 101.4280109190810320E-6
-125.2354331887839860E-6
-267.0646840596884890E-6
-171.8789965843103860E-6
 105.4548838753731840E-6
 323.7291961866985730E-6
 261.7297180322641450E-6
-63.02476665723882830E-6
-375.1581680411692900E-6
-370.6854414483307210E-6
-7.951742817512934990E-6
 414.0161499164168500E-6
 496.5413487492915580E-6
 112.9449161263862180E-6
-431.3903588057109460E-6
-634.7600190479837470E-6
-256.3824219825053770E-6
 417.0635076254620800E-6
 778.1310786027493120E-6
 440.9553800925840510E-6
-359.9654342212869550E-6
-916.5585678167184370E-6
-666.8853151900401600E-6
 248.8054672937757910E-6
 0.001037018837098467
 931.2003764679798220E-6
-72.87323301255850080E-6
-0.001123724820650999
-0.001227075730539454
-177.0194470322416580E-6
 0.001158521403437605
 0.001543295441694072
 507.4974148531063060E-6
-0.001121521746413955
-0.001863890512405727
-921.5360389699005740E-6
 991.9767225919952120E-6
 0.002167999441034995
 0.001417393001809402
-749.3502545411672600E-6
-0.002429983351600731
-0.001987624263727405
 374.5538250236984370E-6
 0.002619807442341694
 0.002618246882966187
 148.7245849654011920E-6
-0.002703674332454954
-0.003288099352254984
-832.6767074981478340E-6
 0.002644862899636271
 0.003968427935030001
 0.001684105011573575
-0.002404687803775144
-0.004622692772534324
-0.002703322266301135
 0.001943447884379851
 0.005206536184860601
 0.003883310550030751
-0.001221170309464405
-0.005667779525311681
-0.005209220573092586
 197.8687349615061070E-6
 0.005946197283917056
 0.006658275180731476
 0.001167110791971628
-0.005972621350671739
-0.008200117803691037
-0.002917346234758898
 0.005666572517676327
 0.009797618858410921
 0.005104417097859940
-0.004930907380526132
-0.011408122572693398
-0.007798171948116179
 0.003640420755145484
 0.012985085664284267
 0.011107270735762670
-0.001617622713903504
-0.014480030121828497
-0.015222146110489172
-0.001421072983552291
 0.015844707377843232
 0.020513252598640924
 0.005996225119237241
-0.017033352521101473
-0.027789144453582562
-0.013234443923061109
 0.018004896534256330
 0.039132603047926685
 0.026188954727091870
-0.018725002933327840
-0.061740768473125922
-0.057104224514678142
 0.019167803002019829
 0.146307774000097257
 0.265438393903646264
 0.314016112651022639
 0.265438393903646264
 0.146307774000097257
 0.019167803002019829
-0.057104224514678142
-0.061740768473125922
-0.018725002933327840
 0.026188954727091870
 0.039132603047926685
 0.018004896534256330
-0.013234443923061109
-0.027789144453582562
-0.017033352521101473
 0.005996225119237241
 0.020513252598640924
 0.015844707377843232
-0.001421072983552291
-0.015222146110489172
-0.014480030121828497
-0.001617622713903504
 0.011107270735762670
 0.012985085664284267
 0.003640420755145484
-0.007798171948116179
-0.011408122572693398
-0.004930907380526132
 0.005104417097859940
 0.009797618858410921
 0.005666572517676327
-0.002917346234758898
-0.008200117803691037
-0.005972621350671739
 0.001167110791971628
 0.006658275180731476
 0.005946197283917056
 197.8687349615061070E-6
-0.005209220573092586
-0.005667779525311681
-0.001221170309464405
 0.003883310550030751
 0.005206536184860601
 0.001943447884379851
-0.002703322266301135
-0.004622692772534324
-0.002404687803775144
 0.001684105011573575
 0.003968427935030001
 0.002644862899636271
-832.6767074981478340E-6
-0.003288099352254984
-0.002703674332454954
 148.7245849654011920E-6
 0.002618246882966187
 0.002619807442341694
 374.5538250236984370E-6
-0.001987624263727405
-0.002429983351600731
-749.3502545411672600E-6
 0.001417393001809402
 0.002167999441034995
 991.9767225919952120E-6
-921.5360389699005740E-6
-0.001863890512405727
-0.001121521746413955
 507.4974148531063060E-6
 0.001543295441694072
 0.001158521403437605
-177.0194470322416580E-6
-0.001227075730539454
-0.001123724820650999
-72.87323301255850080E-6
 931.2003764679798220E-6
 0.001037018837098467
 248.8054672937757910E-6
-666.8853151900401600E-6
-916.5585678167184370E-6
-359.9654342212869550E-6
 440.9553800925840510E-6
 778.1310786027493120E-6
 417.0635076254620800E-6
-256.3824219825053770E-6
-634.7600190479837470E-6
-431.3903588057109460E-6
 112.9449161263862180E-6
 496.5413487492915580E-6
 414.0161499164168500E-6
-7.951742817512934990E-6
-370.6854414483307210E-6
-375.1581680411692900E-6
-63.02476665723882830E-6
 261.7297180322641450E-6
 323.7291961866985730E-6
 105.4548838753731840E-6
-171.8789965843103860E-6
-267.0646840596884890E-6
-125.2354331887839860E-6
 101.4280109190810320E-6
 210.8144864139748900E-6
 128.1790512796636960E-6
-49.22172921706173550E-6
-158.9753833294317930E-6
-119.6241804664440880E-6
 13.11359418461380960E-6
 114.0342433741194550E-6
 104.1697246473175650E-6
 9.611213210702224780E-6
-77.18865274973208560E-6
-85.52820878031798200E-6
-21.87184584228517540E-6
 48.61191589700421640E-6
 66.48326880921496240E-6
 26.50241036614921700E-6
-27.73208607379378780E-6
-48.93175002174535850E-6
-26.04346722777843580E-6
 13.49947783986977970E-6
 33.98772240879593910E-6
 22.61286282433612630E-6
-4.623218205360253740E-6
-22.12519467353316930E-6
-17.84800309257221680E-6
-235.9366760771902140E-9
 13.33788180216870780E-6
 12.90719047144295570E-6
 2.322746942058867780E-6
-7.297567169920715640E-6
-8.515112242444709880E-6
-2.694978634048135200E-6

