-5.452269757286880570E-6
 6.478879335818645840E-6
 2.267451741341786510E-6
-12.96520837506187900E-6
 10.08579134315001370E-6
 8.729488964051954620E-6
-22.92915559971715920E-6
 10.73397135597764060E-6
 19.28802497697478200E-6
-31.34341391355457770E-6
 5.985931042072198950E-6
 29.54584286351366270E-6
-31.48055919345384620E-6
-2.544997735988172580E-6
 28.30197910657773970E-6
-16.83586588673833620E-6
-3.958820225120118770E-6
-2.650744933183904810E-6
 12.41653361041383260E-6
 27.10919585816260020E-6
-84.44037973237976760E-6
 39.85673913293134520E-6
 132.8477193564216920E-6
-231.2198515072671230E-6
 22.23459817776781120E-6
 368.5543638844830530E-6
-434.5029913169956900E-6
-118.4127123169451320E-6
 790.2185097917927120E-6
-643.9997532870015680E-6
-495.4081228709160310E-6
 0.001432664459556811
-749.3586940922775740E-6
-0.001246969223242424
 0.002280269178281429
-568.2574925396570510E-6
-0.002513131147789242
 0.003234881095105395
 154.8340070736290950E-6
-0.004402297760992246
 0.004086525672052217
 0.001739022993156708
-0.006953762838812431
 0.004489778498309858
 0.004554418297936785
-0.010105626292886312
 0.003939005788525524
 0.009029614250063591
-0.013678283213724168
 0.001710007148005008
 0.015737152466079818
-0.017381352847317434
-0.003342135503420641
 0.025730279770037525
-0.020846757294463173
-0.013558266628101719
 0.041854775928831849
-0.023683884857123822
-0.036263318316514748
 0.076033878091689947
-0.025546314592301309
-0.122119062533627074
 0.287338294941784034
 0.640471191284656016
 0.287338294941784034
-0.122119062533627074
-0.025546314592301309
 0.076033878091689947
-0.036263318316514748
-0.023683884857123822
 0.041854775928831849
-0.013558266628101719
-0.020846757294463173
 0.025730279770037525
-0.003342135503420641
-0.017381352847317434
 0.015737152466079818
 0.001710007148005008
-0.013678283213724168
 0.009029614250063591
 0.003939005788525524
-0.010105626292886312
 0.004554418297936785
 0.004489778498309858
-0.006953762838812431
 0.001739022993156708
 0.004086525672052217
-0.004402297760992246
 154.8340070736290950E-6
 0.003234881095105395
-0.002513131147789242
-568.2574925396570510E-6
 0.002280269178281429
-0.001246969223242424
-749.3586940922775740E-6
 0.001432664459556811
-495.4081228709160310E-6
-643.9997532870015680E-6
 790.2185097917927120E-6
-118.4127123169451320E-6
-434.5029913169956900E-6
 368.5543638844830530E-6
 22.23459817776781120E-6
-231.2198515072671230E-6
 132.8477193564216920E-6
 39.85673913293134520E-6
-84.44037973237976760E-6
 27.10919585816260020E-6
 12.41653361041383260E-6
-2.650744933183904810E-6
-3.958820225120118770E-6
-16.83586588673833620E-6
 28.30197910657773970E-6
-2.544997735988172580E-6
-31.48055919345384620E-6
 29.54584286351366270E-6
 5.985931042072198950E-6
-31.34341391355457770E-6
 19.28802497697478200E-6
 10.73397135597764060E-6
-22.92915559971715920E-6
 8.729488964051954620E-6
 10.08579134315001370E-6
-12.96520837506187900E-6
 2.267451741341786510E-6
 6.478879335818645840E-6
-5.452269757286880570E-6

