 2.832848294995448770E-6
 614.1881597013998540E-9
-6.244962813071538220E-6
 12.33607625437385740E-6
-16.06775912421212380E-6
 14.58200706745993000E-6
-6.462165681894286530E-6
-7.038829150975240090E-6
 21.77640490893683280E-6
-31.93522783556850800E-6
 32.46662077973991960E-6
-21.77510123508773890E-6
 3.259665562176375710E-6
 15.46222810914484040E-6
-25.87324183644010130E-6
 23.27531213159137740E-6
-10.60936080748089160E-6
-1.163733758046223920E-6
-2.447708085194602480E-6
 30.96171634688216300E-6
-79.86393590500023260E-6
 126.0774086015070170E-6
-132.4781147507743530E-6
 62.77466477913300480E-6
 96.98962117501436350E-6
-319.0053063615446260E-6
 527.3265022631838970E-6
-613.1604245404801080E-6
 472.9545818667054960E-6
-59.83170297091911040E-6
-570.7743663529217880E-6
 0.001244432034790122
-0.001697843859036205
 0.001658688658365690
-957.1979525031252930E-6
-367.8186172674883780E-6
 0.002014765948564670
-0.003455156566833510
 0.004071775891941385
-0.003373167707934465
 0.001220884451021449
 0.002015872483619562
-0.005457219427811576
 0.007901589183068857
-0.008184144383158690
 0.005613230813932090
-343.6977141801438050E-6
-0.006462633716048877
 0.012795251178787610
-0.016287774887424660
 0.014948562058360829
-0.007932998400013394
-0.003888259218001231
 0.017786321030690101
-0.029576645425162071
 0.034533299399329934
-0.028617620877754078
 0.009703012928972445
 0.021558005081470023
-0.061509398698197798
 0.104034032487740666
-0.141777356701605156
 0.167769041282217535
 0.822966308472156127
 0.167769041282217535
-0.141777356701605156
 0.104034032487740666
-0.061509398698197798
 0.021558005081470023
 0.009703012928972445
-0.028617620877754078
 0.034533299399329934
-0.029576645425162071
 0.017786321030690101
-0.003888259218001231
-0.007932998400013394
 0.014948562058360829
-0.016287774887424660
 0.012795251178787610
-0.006462633716048877
-343.6977141801438050E-6
 0.005613230813932090
-0.008184144383158690
 0.007901589183068857
-0.005457219427811576
 0.002015872483619562
 0.001220884451021449
-0.003373167707934465
 0.004071775891941385
-0.003455156566833510
 0.002014765948564670
-367.8186172674883780E-6
-957.1979525031252930E-6
 0.001658688658365690
-0.001697843859036205
 0.001244432034790122
-570.7743663529217880E-6
-59.83170297091911040E-6
 472.9545818667054960E-6
-613.1604245404801080E-6
 527.3265022631838970E-6
-319.0053063615446260E-6
 96.98962117501436350E-6
 62.77466477913300480E-6
-132.4781147507743530E-6
 126.0774086015070170E-6
-79.86393590500023260E-6
 30.96171634688216300E-6
-2.447708085194602480E-6
-1.163733758046223920E-6
-10.60936080748089160E-6
 23.27531213159137740E-6
-25.87324183644010130E-6
 15.46222810914484040E-6
 3.259665562176375710E-6
-21.77510123508773890E-6
 32.46662077973991960E-6
-31.93522783556850800E-6
 21.77640490893683280E-6
-7.038829150975240090E-6
-6.462165681894286530E-6
 14.58200706745993000E-6
-16.06775912421212380E-6
 12.33607625437385740E-6
-6.244962813071538220E-6
 614.1881597013998540E-9
 2.832848294995448770E-6

