 88.70196826795485380E-9
 184.3331845093328520E-9
 194.4622724545488950E-9
 75.22948791457730520E-9
-199.4587458712282460E-9
-627.1853618850137760E-9
-1.170243957118161980E-6
-1.755125253101715190E-6
-2.279638511943142380E-6
-2.627655421207022890E-6
-2.689847299789191130E-6
-2.387235764587812170E-6
-1.693224321875447020E-6
-649.3240113670121900E-9
 629.7669866825476670E-9
 1.964671657748187310E-6
 3.134156455985153130E-6
 3.910277440792329080E-6
 4.101106288282615250E-6
 3.594038176006410620E-6
 2.391445429927411940E-6
 630.6097237785196510E-9
-1.418385697623727460E-6
-3.379902312883200200E-6
-4.823944804639344500E-6
-5.335441486117589170E-6
-4.591485635141956400E-6
-2.433460790475900470E-6
 1.079955970624526970E-6
 5.651373459150312860E-6
 10.76324679216776660E-6
 15.73865837433946170E-6
 19.83916759786266580E-6
 22.38715392438921010E-6
 22.89397903820008300E-6
 21.17180048910286770E-6
 17.40694287963535560E-6
 12.17680027688211200E-6
 6.400057264899171370E-6
 1.220619562179144250E-6
-2.162534492698586770E-6
-2.696308194995262750E-6
 326.2643861075678730E-9
 7.101602409203215950E-6
 17.21994791433738210E-6
 29.66323490668796840E-6
 42.90764774944412350E-6
 55.12505086732925720E-6
 64.45959337836055170E-6
 69.34009149031970760E-6
 68.77825700118600590E-6
 62.59986701388582730E-6
 51.56187574905936090E-6
 37.32315257690230940E-6
 22.25834431086509110E-6
 9.130245890852744850E-6
 661.9462039086198500E-9
-928.5863134203632400E-9
 5.643954243787810300E-6
 20.41905662367677010E-6
 42.05620802263381820E-6
 67.92010630824243830E-6
 94.39228971247320030E-6
 117.3783990303135740E-6
 132.9441408989262920E-6
 137.9848707847128540E-6
 130.8191098864046750E-6
 111.5989868340804490E-6
 82.45167079763719190E-6
 47.30341302850222010E-6
 11.38693299935459890E-6
-19.51373659475640210E-6
-39.97786872126606280E-6
-45.88317600835934940E-6
-35.20693166869789790E-6
-8.547636218526621480E-6
 30.74389092216715370E-6
 76.87921767722501440E-6
 122.3781569546116260E-6
 159.1578839825993730E-6
 179.8128340090520960E-6
 178.8885254867810490E-6
 153.9373758379090590E-6
 106.1636829881658880E-6
 40.51776794949333290E-6
-34.82035287215405360E-6
-109.5307405325984150E-6
-172.6816599253795910E-6
-214.4777484393169690E-6
-227.9565622156592330E-6
-210.3495181147928290E-6
-163.8571293914744730E-6
-95.66634964224107310E-6
-17.15012987521134490E-6
 57.68014556998966210E-6
 114.2701727642473200E-6
 139.8620338058591700E-6
 125.7107773024326320E-6
 68.80542469553168420E-6
-27.22369419182676610E-6
-152.2182515461780380E-6
-290.6797517722103520E-6
-423.9130214412018060E-6
-532.8412794417174610E-6
-601.0787782576823020E-6
-617.7762118015998570E-6
-579.7581218407294730E-6
-492.5548096683099860E-6
-370.0854021301756230E-6
-232.9531194646291680E-6
-105.5381888184712270E-6
-12.28269934794950840E-6
 26.28030633847748380E-6
-2.876696394892194860E-6
-102.6637312674828310E-6
-264.7346661441807210E-6
-470.1018457234110320E-6
-691.5160524414595780E-6
-897.3369928244753740E-6
-0.001056359466946795
-0.001142871325367669
-0.001141136543208242
-0.001048540314688641
-876.8036239651630690E-6
-650.9521899838964600E-6
-406.0702461197023470E-6
-182.2310781402470640E-6
-18.31567148374658770E-6
 54.34630586854428460E-6
 17.49462639702949220E-6
-130.3267405166088790E-6
-372.5271878187732570E-6
-676.0661238508828320E-6
-995.7960686505708740E-6
-0.001281009765380880
-0.001483261166508521
-0.001564270948972042
-0.001502645835686866
-0.001298260672819555
-973.4648229051748560E-6
-570.7401219169005340E-6
-146.9895236436455550E-6
 234.8109277483093250E-6
 515.3984428679025310E-6
 648.9519955510547790E-6
 611.1942327844407150E-6
 404.4745514513360260E-6
 58.85170886678024970E-6
-371.2146939164156270E-6
-814.2688846569112680E-6
-0.001192390030109557
-0.001433325568324465
-0.001482364011607328
-0.001312027784798198
-927.9157169296045140E-6
-369.5554497737376780E-6
 294.1324897601230650E-6
 974.3132316019263040E-6
 0.001575396932246396
 0.002009961607380308
 0.002213140491958580
 0.002154142667936677
 0.001842915553755962
 0.001330634201151834
 703.6237083821140460E-6
 71.35206075521884370E-6
-449.8883584672971660E-6
-755.2211022139952090E-6
-768.5307373071099160E-6
-456.0970916137715680E-6
 165.8451948629574700E-6
 0.001031133749958825
 0.002031668376318307
 0.003032487903419473
 0.003891883908777863
 0.004483596155307866
 0.004717656191365324
 0.004556490958771619
 0.004023485749835697
 0.003202268236047012
 0.002226366470951032
 0.001260408293544259
 475.4324843167437960E-6
 21.94489469581959180E-6
 4.890228008095785840E-6
 464.6114291722821580E-6
 0.001367118666133238
 0.002605676177374833
 0.004014018883710939
 0.005389681946482523
 0.006524248608608637
 0.007236067511576644
 0.007400379076832141
 0.006971949216239291
 0.005996249810843127
 0.004606838425616355
 0.003008652785451409
 0.001449145336947137
 181.1989021425060000E-6
-576.7406324433911780E-6
-677.1649057331762830E-6
-70.70504547565209920E-6
 0.001180736103577537
 0.002907724428188420
 0.004854203558565829
 0.006713188020827408
 0.008172412868297792
 0.008963299173849233
 0.008905726225777183
 0.007941359688707624
 0.006149686811352494
 0.003743294953996628
 0.001041978188491792
-0.001571469785241679
-0.003707914178321715
-0.005032869758404564
-0.005322580095438571
-0.004506182097397293
-0.002686591073651309
-135.6005801359538620E-6
 0.002737601887273636
 0.005441267717166721
 0.007472266135438525
 0.008393692629598704
 0.007907413620275137
 0.005910123551834803
 0.002523282922640386
-0.001909355308487397
-0.006858453070442365
-0.011676851407093932
-0.015690397259298602
-0.018299920075253814
-0.019080046070431182
-0.017860084970281714
-0.014773882287942798
-0.010269166783932446
-0.005072114407902466
-108.9322949673894240E-6
 0.003607580403283264
 0.005113177715386131
 0.003631920134328333
-0.001298167680916734
-0.009731355280834532
-0.021266850431258876
-0.035056843246294267
-0.049872071458024643
-0.064219579753187706
-0.076500328975200316
-0.085188678743981852
-0.089012310245584883
-0.087110390016518408
-0.079149865024347343
-0.065384509213560454
-0.046648140515050333
-0.024281439609522754
 0.000000000000000000
 0.024281439609522754
 0.046648140515050333
 0.065384509213560454
 0.079149865024347343
 0.087110390016518408
 0.089012310245584883
 0.085188678743981852
 0.076500328975200316
 0.064219579753187706
 0.049872071458024643
 0.035056843246294267
 0.021266850431258876
 0.009731355280834532
 0.001298167680916734
-0.003631920134328333
-0.005113177715386131
-0.003607580403283264
 108.9322949673894240E-6
 0.005072114407902466
 0.010269166783932446
 0.014773882287942798
 0.017860084970281714
 0.019080046070431182
 0.018299920075253814
 0.015690397259298602
 0.011676851407093932
 0.006858453070442365
 0.001909355308487397
-0.002523282922640386
-0.005910123551834803
-0.007907413620275137
-0.008393692629598704
-0.007472266135438525
-0.005441267717166721
-0.002737601887273636
 135.6005801359538620E-6
 0.002686591073651309
 0.004506182097397293
 0.005322580095438571
 0.005032869758404564
 0.003707914178321715
 0.001571469785241679
-0.001041978188491792
-0.003743294953996628
-0.006149686811352494
-0.007941359688707624
-0.008905726225777183
-0.008963299173849233
-0.008172412868297792
-0.006713188020827408
-0.004854203558565829
-0.002907724428188420
-0.001180736103577537
 70.70504547565209920E-6
 677.1649057331762830E-6
 576.7406324433911780E-6
-181.1989021425060000E-6
-0.001449145336947137
-0.003008652785451409
-0.004606838425616355
-0.005996249810843127
-0.006971949216239291
-0.007400379076832141
-0.007236067511576644
-0.006524248608608637
-0.005389681946482523
-0.004014018883710939
-0.002605676177374833
-0.001367118666133238
-464.6114291722821580E-6
-4.890228008095785840E-6
-21.94489469581959180E-6
-475.4324843167437960E-6
-0.001260408293544259
-0.002226366470951032
-0.003202268236047012
-0.004023485749835697
-0.004556490958771619
-0.004717656191365324
-0.004483596155307866
-0.003891883908777863
-0.003032487903419473
-0.002031668376318307
-0.001031133749958825
-165.8451948629574700E-6
 456.0970916137715680E-6
 768.5307373071099160E-6
 755.2211022139952090E-6
 449.8883584672971660E-6
-71.35206075521884370E-6
-703.6237083821140460E-6
-0.001330634201151834
-0.001842915553755962
-0.002154142667936677
-0.002213140491958580
-0.002009961607380308
-0.001575396932246396
-974.3132316019263040E-6
-294.1324897601230650E-6
 369.5554497737376780E-6
 927.9157169296045140E-6
 0.001312027784798198
 0.001482364011607328
 0.001433325568324465
 0.001192390030109557
 814.2688846569112680E-6
 371.2146939164156270E-6
-58.85170886678024970E-6
-404.4745514513360260E-6
-611.1942327844407150E-6
-648.9519955510547790E-6
-515.3984428679025310E-6
-234.8109277483093250E-6
 146.9895236436455550E-6
 570.7401219169005340E-6
 973.4648229051748560E-6
 0.001298260672819555
 0.001502645835686866
 0.001564270948972042
 0.001483261166508521
 0.001281009765380880
 995.7960686505708740E-6
 676.0661238508828320E-6
 372.5271878187732570E-6
 130.3267405166088790E-6
-17.49462639702949220E-6
-54.34630586854428460E-6
 18.31567148374658770E-6
 182.2310781402470640E-6
 406.0702461197023470E-6
 650.9521899838964600E-6
 876.8036239651630690E-6
 0.001048540314688641
 0.001141136543208242
 0.001142871325367669
 0.001056359466946795
 897.3369928244753740E-6
 691.5160524414595780E-6
 470.1018457234110320E-6
 264.7346661441807210E-6
 102.6637312674828310E-6
 2.876696394892194860E-6
-26.28030633847748380E-6
 12.28269934794950840E-6
 105.5381888184712270E-6
 232.9531194646291680E-6
 370.0854021301756230E-6
 492.5548096683099860E-6
 579.7581218407294730E-6
 617.7762118015998570E-6
 601.0787782576823020E-6
 532.8412794417174610E-6
 423.9130214412018060E-6
 290.6797517722103520E-6
 152.2182515461780380E-6
 27.22369419182676610E-6
-68.80542469553168420E-6
-125.7107773024326320E-6
-139.8620338058591700E-6
-114.2701727642473200E-6
-57.68014556998966210E-6
 17.15012987521134490E-6
 95.66634964224107310E-6
 163.8571293914744730E-6
 210.3495181147928290E-6
 227.9565622156592330E-6
 214.4777484393169690E-6
 172.6816599253795910E-6
 109.5307405325984150E-6
 34.82035287215405360E-6
-40.51776794949333290E-6
-106.1636829881658880E-6
-153.9373758379090590E-6
-178.8885254867810490E-6
-179.8128340090520960E-6
-159.1578839825993730E-6
-122.3781569546116260E-6
-76.87921767722501440E-6
-30.74389092216715370E-6
 8.547636218526621480E-6
 35.20693166869789790E-6
 45.88317600835934940E-6
 39.97786872126606280E-6
 19.51373659475640210E-6
-11.38693299935459890E-6
-47.30341302850222010E-6
-82.45167079763719190E-6
-111.5989868340804490E-6
-130.8191098864046750E-6
-137.9848707847128540E-6
-132.9441408989262920E-6
-117.3783990303135740E-6
-94.39228971247320030E-6
-67.92010630824243830E-6
-42.05620802263381820E-6
-20.41905662367677010E-6
-5.643954243787810300E-6
 928.5863134203632400E-9
-661.9462039086198500E-9
-9.130245890852744850E-6
-22.25834431086509110E-6
-37.32315257690230940E-6
-51.56187574905936090E-6
-62.59986701388582730E-6
-68.77825700118600590E-6
-69.34009149031970760E-6
-64.45959337836055170E-6
-55.12505086732925720E-6
-42.90764774944412350E-6
-29.66323490668796840E-6
-17.21994791433738210E-6
-7.101602409203215950E-6
-326.2643861075678730E-9
 2.696308194995262750E-6
 2.162534492698586770E-6
-1.220619562179144250E-6
-6.400057264899171370E-6
-12.17680027688211200E-6
-17.40694287963535560E-6
-21.17180048910286770E-6
-22.89397903820008300E-6
-22.38715392438921010E-6
-19.83916759786266580E-6
-15.73865837433946170E-6
-10.76324679216776660E-6
-5.651373459150312860E-6
-1.079955970624526970E-6
 2.433460790475900470E-6
 4.591485635141956400E-6
 5.335441486117589170E-6
 4.823944804639344500E-6
 3.379902312883200200E-6
 1.418385697623727460E-6
-630.6097237785196510E-9
-2.391445429927411940E-6
-3.594038176006410620E-6
-4.101106288282615250E-6
-3.910277440792329080E-6
-3.134156455985153130E-6
-1.964671657748187310E-6
-629.7669866825476670E-9
 649.3240113670121900E-9
 1.693224321875447020E-6
 2.387235764587812170E-6
 2.689847299789191130E-6
 2.627655421207022890E-6
 2.279638511943142380E-6
 1.755125253101715190E-6
 1.170243957118161980E-6
 627.1853618850137760E-9
 199.4587458712282460E-9
-75.22948791457730520E-9
-194.4622724545488950E-9
-184.3331845093328520E-9
-88.70196826795485380E-9

