-301.4075158114288800E-9
 228.1944789562496680E-9
 587.0990193463437660E-9
-465.3239733563736990E-9
-862.2755362043324110E-9
 776.5038354806929420E-9
 1.111335703207565030E-6
-1.160101624446543860E-6
-1.318181890855529390E-6
 1.610830170131217760E-6
 1.466998116492641340E-6
-2.119606808493261770E-6
-1.543099549772435350E-6
 2.673591665677701900E-6
 1.533817861914324340E-6
-3.256421689850665490E-6
-1.429381342464275620E-6
 3.848648941770220770E-6
 1.223744917094230940E-6
-4.428382274025921110E-6
-915.3232741990066190E-9
 4.972121296052956830E-6
 507.5805357212225320E-9
-5.455760903324949670E-6
-9.432419171190908000E-9
 5.855734070625274510E-6
-564.5782250664445880E-9
-6.150250647271616520E-6
 1.194364331248554120E-6
 6.320581036519427260E-6
-1.854658290030452240E-6
-6.352326445898857980E-6
 2.515667173899414520E-6
 6.236612346018705290E-6
-3.144017223591485610E-6
-5.971139293456436900E-6
 3.703971078283422980E-6
 5.561025740273954020E-6
-4.158886495275181620E-6
-5.019381055370363500E-6
 4.472870646299941020E-6
 4.367553894546261970E-6
-4.612570256581359550E-6
-3.635011192803365710E-6
 4.549025547663566370E-6
 2.858816264661088620E-6
-4.259505898151595640E-6
-2.082690417859724530E-6
 3.729237995979519220E-6
 1.355660632771111370E-6
-2.952933627997956560E-6
-730.3155820756389860E-9
 1.936024616070195270E-6
 260.7127890052977360E-9
-695.5170926845485160E-9
-190.9259902139338290E-15
-739.6134977566700850E-9
-2.165170371871463660E-9
 2.328551610636989900E-6
-297.6988528824152810E-9
-4.019342038478896480E-6
 934.2275293461556200E-9
 5.750186820435106760E-6
-1.930674608661716580E-6
-7.451338917044120440E-6
 3.296646272032953460E-6
 9.047565657422037330E-6
-5.026235454028801010E-6
-10.46112633768036200E-6
 7.096682959482482290E-6
 11.61517952073815610E-6
-9.467680218805224260E-6
-12.43750788109947260E-6
 12.08141073260162910E-6
 12.86442315112591220E-6
-14.86340349374360060E-6
-12.84469213007146670E-6
 17.72424235362748140E-6
 12.34330821281487190E-6
-20.56214132510351080E-6
-11.34492255728581610E-6
 23.26635817662652530E-6
 9.856745887902128800E-6
-25.72137869947479770E-6
-7.910736799695468060E-6
 27.81176323571280310E-6
 5.564905794727621920E-6
-29.42750712184547270E-6
-2.903586338368509880E-6
 30.46972942347728260E-6
 36.55479000538788630E-9
-30.85647150164776420E-6
 2.903080342143516290E-6
 30.52836041571240600E-6
-5.762253729603731500E-6
-29.45387354279702660E-6
 8.372565575108374960E-6
 27.63393161259582340E-6
-10.55607777462127750E-6
-25.10554886560810670E-6
 12.13215282729925630E-6
 21.94428205872637960E-6
-12.92514646853417840E-6
-18.26524517513401240E-6
 12.77270940629196440E-6
 14.22249390792391210E-6
-11.53440272226657020E-6
-10.00663288518783210E-6
 9.100287952865905080E-6
 5.840558264524551290E-6
-5.399119004190067630E-6
-1.973317301094646310E-6
 405.7410869462831330E-9
-1.327857129232180800E-6
 5.852706281961893350E-6
 3.787197689678934330E-6
-13.29217800644090280E-6
-5.131516310290381360E-6
 21.76907597380382240E-6
 5.102474498518555280E-6
-31.07989703025377890E-6
-3.469625340601874440E-6
 40.96345052618008250E-6
 43.77078000720290160E-9
-51.10584595147980740E-6
 5.309882848286290980E-6
 61.14836299883756960E-6
-12.65933486637629280E-6
-70.69821537761278310E-6
 21.99475951341570120E-6
 79.34210875579319120E-6
-33.21943838131552700E-6
-86.66237560269382810E-6
 46.14324897496761930E-6
 92.25534902238636900E-6
-60.47926841132836270E-6
-95.75151826029072310E-6
 75.84399401234608720E-6
 96.83689458684509080E-6
-91.76160188790903760E-6
-95.27491243836989550E-6
 107.6725617142301420E-6
 90.92810144353273930E-6
-122.9468027465201200E-6
-83.77869434527667640E-6
 136.9014850912641920E-6
 73.94728809444208650E-6
-148.8232752906809540E-6
-61.70865364078986200E-6
 157.9948604759206030E-6
 47.50379687265652250E-6
-163.7252655312218220E-6
-31.94741082448770090E-6
 165.3833685678398520E-6
 15.82992830583170020E-6
-162.4338470250125400E-6
-113.4845976963887180E-9
 154.4746359526808700E-6
-14.07876947113023470E-6
-141.2748473456702240E-6
 25.48040524703814920E-6
 122.8119904183319590E-6
-32.70672302482979890E-6
-99.30725262260763490E-6
 34.28704323109421640E-6
 71.25755461867809970E-6
-28.70408001896651480E-6
-39.46308301548592820E-6
 14.43996978994964660E-6
 5.049035138092769160E-6
 9.971699599161556900E-6
 30.51961787878170180E-6
-45.88873347580069150E-6
-65.43142960942107320E-6
 94.49912949946046580E-6
 97.53076386162405240E-6
-156.7570960104729070E-6
-124.3297995693985880E-6
 233.3177082364492210E-6
 143.0307597719252610E-6
-324.4717375123462380E-6
-150.5586121062460730E-6
 430.0822607191514070E-6
 143.6042074242328400E-6
-549.5246782606440090E-6
-118.6775262120197000E-6
 681.6317336230727050E-6
 72.17039751426446510E-6
-824.6450311859680370E-6
-427.7506452996756250E-9
 976.1743872372862820E-6
-100.1738345409266060E-6
-0.001133166118793491
 233.1417884418874560E-6
 0.001291881072718732
-401.7791806614047800E-6
-0.001447882819832605
 609.0942849326463600E-6
 0.001596035980472623
-857.7102138837875600E-6
-0.001730514102036626
 0.001149776872430990
 0.001844815863050858
-0.001486887536705701
-0.001931787612576768
 0.001870002362598290
 0.001983649336684063
-0.002299381062017735
-0.001992020024482315
 0.002774526855404297
 0.001947937004063697
-0.003294143616938513
-0.001841862006575113
 0.003856107877653053
 0.001663664292572791
-0.004457457046356095
-0.001402567816373704
 0.005094394855535638
 0.001047044590721519
-0.005762314647775033
-584.6292907233986400E-6
 0.006455840697337280
 1.619271443931233900E-6
-0.007168887322294442
 717.3928850634525820E-6
 0.007894735096583293
-0.001590234748800033
-0.008626123030768483
 0.002638243727614172
 0.009355355167313438
-0.003887936462882771
-0.010074419642823147
 0.005373604303927895
 0.010775117917466652
-0.007141443202094806
-0.011449201570936641
 0.009256336790251974
 0.012088513824155349
-0.011813462659708195
-0.012685132774010672
 0.014959205077086901
 0.013231513230437961
-0.018931374173381841
-0.013720624024992167
 0.024143276687589445
 0.014146077719226194
-0.031379819486939610
-0.014502249779070881
 0.042329671707853886
 0.014784384495221431
-0.061394398330956647
-0.014988685214207931
 0.104733689430412516
 0.015112386793369431
-0.317851833506522408
 0.484846191403993099
-0.317851833506522408
 0.015112386793369431
 0.104733689430412516
-0.014988685214207931
-0.061394398330956647
 0.014784384495221431
 0.042329671707853886
-0.014502249779070881
-0.031379819486939610
 0.014146077719226194
 0.024143276687589445
-0.013720624024992167
-0.018931374173381841
 0.013231513230437961
 0.014959205077086901
-0.012685132774010672
-0.011813462659708195
 0.012088513824155349
 0.009256336790251974
-0.011449201570936641
-0.007141443202094806
 0.010775117917466652
 0.005373604303927895
-0.010074419642823147
-0.003887936462882771
 0.009355355167313438
 0.002638243727614172
-0.008626123030768483
-0.001590234748800033
 0.007894735096583293
 717.3928850634525820E-6
-0.007168887322294442
 1.619271443931233900E-6
 0.006455840697337280
-584.6292907233986400E-6
-0.005762314647775033
 0.001047044590721519
 0.005094394855535638
-0.001402567816373704
-0.004457457046356095
 0.001663664292572791
 0.003856107877653053
-0.001841862006575113
-0.003294143616938513
 0.001947937004063697
 0.002774526855404297
-0.001992020024482315
-0.002299381062017735
 0.001983649336684063
 0.001870002362598290
-0.001931787612576768
-0.001486887536705701
 0.001844815863050858
 0.001149776872430990
-0.001730514102036626
-857.7102138837875600E-6
 0.001596035980472623
 609.0942849326463600E-6
-0.001447882819832605
-401.7791806614047800E-6
 0.001291881072718732
 233.1417884418874560E-6
-0.001133166118793491
-100.1738345409266060E-6
 976.1743872372862820E-6
-427.7506452996756250E-9
-824.6450311859680370E-6
 72.17039751426446510E-6
 681.6317336230727050E-6
-118.6775262120197000E-6
-549.5246782606440090E-6
 143.6042074242328400E-6
 430.0822607191514070E-6
-150.5586121062460730E-6
-324.4717375123462380E-6
 143.0307597719252610E-6
 233.3177082364492210E-6
-124.3297995693985880E-6
-156.7570960104729070E-6
 97.53076386162405240E-6
 94.49912949946046580E-6
-65.43142960942107320E-6
-45.88873347580069150E-6
 30.51961787878170180E-6
 9.971699599161556900E-6
 5.049035138092769160E-6
 14.43996978994964660E-6
-39.46308301548592820E-6
-28.70408001896651480E-6
 71.25755461867809970E-6
 34.28704323109421640E-6
-99.30725262260763490E-6
-32.70672302482979890E-6
 122.8119904183319590E-6
 25.48040524703814920E-6
-141.2748473456702240E-6
-14.07876947113023470E-6
 154.4746359526808700E-6
-113.4845976963887180E-9
-162.4338470250125400E-6
 15.82992830583170020E-6
 165.3833685678398520E-6
-31.94741082448770090E-6
-163.7252655312218220E-6
 47.50379687265652250E-6
 157.9948604759206030E-6
-61.70865364078986200E-6
-148.8232752906809540E-6
 73.94728809444208650E-6
 136.9014850912641920E-6
-83.77869434527667640E-6
-122.9468027465201200E-6
 90.92810144353273930E-6
 107.6725617142301420E-6
-95.27491243836989550E-6
-91.76160188790903760E-6
 96.83689458684509080E-6
 75.84399401234608720E-6
-95.75151826029072310E-6
-60.47926841132836270E-6
 92.25534902238636900E-6
 46.14324897496761930E-6
-86.66237560269382810E-6
-33.21943838131552700E-6
 79.34210875579319120E-6
 21.99475951341570120E-6
-70.69821537761278310E-6
-12.65933486637629280E-6
 61.14836299883756960E-6
 5.309882848286290980E-6
-51.10584595147980740E-6
 43.77078000720290160E-9
 40.96345052618008250E-6
-3.469625340601874440E-6
-31.07989703025377890E-6
 5.102474498518555280E-6
 21.76907597380382240E-6
-5.131516310290381360E-6
-13.29217800644090280E-6
 3.787197689678934330E-6
 5.852706281961893350E-6
-1.327857129232180800E-6
 405.7410869462831330E-9
-1.973317301094646310E-6
-5.399119004190067630E-6
 5.840558264524551290E-6
 9.100287952865905080E-6
-10.00663288518783210E-6
-11.53440272226657020E-6
 14.22249390792391210E-6
 12.77270940629196440E-6
-18.26524517513401240E-6
-12.92514646853417840E-6
 21.94428205872637960E-6
 12.13215282729925630E-6
-25.10554886560810670E-6
-10.55607777462127750E-6
 27.63393161259582340E-6
 8.372565575108374960E-6
-29.45387354279702660E-6
-5.762253729603731500E-6
 30.52836041571240600E-6
 2.903080342143516290E-6
-30.85647150164776420E-6
 36.55479000538788630E-9
 30.46972942347728260E-6
-2.903586338368509880E-6
-29.42750712184547270E-6
 5.564905794727621920E-6
 27.81176323571280310E-6
-7.910736799695468060E-6
-25.72137869947479770E-6
 9.856745887902128800E-6
 23.26635817662652530E-6
-11.34492255728581610E-6
-20.56214132510351080E-6
 12.34330821281487190E-6
 17.72424235362748140E-6
-12.84469213007146670E-6
-14.86340349374360060E-6
 12.86442315112591220E-6
 12.08141073260162910E-6
-12.43750788109947260E-6
-9.467680218805224260E-6
 11.61517952073815610E-6
 7.096682959482482290E-6
-10.46112633768036200E-6
-5.026235454028801010E-6
 9.047565657422037330E-6
 3.296646272032953460E-6
-7.451338917044120440E-6
-1.930674608661716580E-6
 5.750186820435106760E-6
 934.2275293461556200E-9
-4.019342038478896480E-6
-297.6988528824152810E-9
 2.328551610636989900E-6
-2.165170371871463660E-9
-739.6134977566700850E-9
-190.9259902139338290E-15
-695.5170926845485160E-9
 260.7127890052977360E-9
 1.936024616070195270E-6
-730.3155820756389860E-9
-2.952933627997956560E-6
 1.355660632771111370E-6
 3.729237995979519220E-6
-2.082690417859724530E-6
-4.259505898151595640E-6
 2.858816264661088620E-6
 4.549025547663566370E-6
-3.635011192803365710E-6
-4.612570256581359550E-6
 4.367553894546261970E-6
 4.472870646299941020E-6
-5.019381055370363500E-6
-4.158886495275181620E-6
 5.561025740273954020E-6
 3.703971078283422980E-6
-5.971139293456436900E-6
-3.144017223591485610E-6
 6.236612346018705290E-6
 2.515667173899414520E-6
-6.352326445898857980E-6
-1.854658290030452240E-6
 6.320581036519427260E-6
 1.194364331248554120E-6
-6.150250647271616520E-6
-564.5782250664445880E-9
 5.855734070625274510E-6
-9.432419171190908000E-9
-5.455760903324949670E-6
 507.5805357212225320E-9
 4.972121296052956830E-6
-915.3232741990066190E-9
-4.428382274025921110E-6
 1.223744917094230940E-6
 3.848648941770220770E-6
-1.429381342464275620E-6
-3.256421689850665490E-6
 1.533817861914324340E-6
 2.673591665677701900E-6
-1.543099549772435350E-6
-2.119606808493261770E-6
 1.466998116492641340E-6
 1.610830170131217760E-6
-1.318181890855529390E-6
-1.160101624446543860E-6
 1.111335703207565030E-6
 776.5038354806929420E-9
-862.2755362043324110E-9
-465.3239733563736990E-9
 587.0990193463437660E-9
 228.1944789562496680E-9
-301.4075158114288800E-9

