-189.1084097759500080E-6
-49.18125073249076710E-6
 312.9188251982417910E-6
-387.0292201950445590E-6
-36.04985800804831800E-6
 762.8524198489294580E-6
-0.001027585800816915
 160.7237332622693200E-6
 0.001469967665026245
-0.002317408026025007
 922.1370742895679770E-6
 0.002277439126918315
-0.004516101261330337
 0.002805777464918505
 0.002761214931608700
-0.007775057341384744
 0.006572286096465702
 0.002098671179943331
-0.012001843519890367
 0.013188357940732230
-0.001076660409144642
-0.016798887676460223
 0.024118930381168670
-0.009203749115570314
-0.021487249875115078
 0.042888790717233026
-0.028465205555538421
-0.025250280169117033
 0.085441900224600589
-0.092182744843173237
-0.027350369337918276
 0.564180653271264543
 0.564180653271264543
-0.027350369337918276
-0.092182744843173237
 0.085441900224600589
-0.025250280169117033
-0.028465205555538421
 0.042888790717233026
-0.021487249875115078
-0.009203749115570314
 0.024118930381168670
-0.016798887676460223
-0.001076660409144642
 0.013188357940732230
-0.012001843519890367
 0.002098671179943331
 0.006572286096465702
-0.007775057341384744
 0.002761214931608700
 0.002805777464918505
-0.004516101261330337
 0.002277439126918315
 922.1370742895679770E-6
-0.002317408026025007
 0.001469967665026245
 160.7237332622693200E-6
-0.001027585800816915
 762.8524198489294580E-6
-36.04985800804831800E-6
-387.0292201950445590E-6
 312.9188251982417910E-6
-49.18125073249076710E-6
-189.1084097759500080E-6

