-1.5044802355383035e-05
7.821001350073494e-07
8.20835835070115e-07
8.943323062792372e-07
9.966379444405547e-07
1.1223752524232402e-06
1.2631713529666246e-06
1.4126137350896466e-06
1.5608362968513705e-06
1.701429982807256e-06
1.8241864841414864e-06
1.923887325508952e-06
1.9911709313774372e-06
2.0231840050956252e-06
2.0124835307734465e-06
1.9595229451118614e-06
1.8595758795792554e-06
1.716967659961829e-06
1.5300149613716674e-06
1.307040661668144e-06
1.0492517301272255e-06
7.68510648307369e-07
4.6824130397943127e-07
1.6295799584858067e-07
-1.4282278330187395e-07
-4.3321275697284475e-07
-7.039928819645777e-07
-9.393889991133329e-07
-1.136970928403365e-06
-1.2825298164493734e-06
-1.3768105696663593e-06
-1.4083988749271227e-06
-1.3696027111904615e-06
-1.3123877381055006e-06
-1.1480518535130383e-06
-9.329849159105955e-07
-6.776220287591802e-07
-3.79459649461213e-07
-5.607955048759364e-08
2.905623602732521e-07
6.389619965574324e-07
9.854695211659355e-07
1.3071257418976123e-06
1.600904450444441e-06
1.8445825712647654e-06
2.0378131930548328e-06
2.161048716243091e-06
2.218368809356184e-06
2.1943977184288296e-06
2.098883342826637e-06
1.9215139251329843e-06
1.6781860269851199e-06
1.3637737454256698e-06
1.0000443736124386e-06
5.863065219032421e-07
1.4905221443896973e-07
-3.0945441504071553e-07
-7.598251235073615e-07
-1.1989330020363726e-06
-1.5967559879712944e-06
-1.9517027689253926e-06
-2.235535078853003e-06
-2.4505301898831625e-06
-2.5724391240535585e-06
-2.6108791483120355e-06
-2.537544699315168e-06
-2.390747570897974e-06
-2.1347031528030297e-06
-1.7989933152543266e-06
-1.3800813867798041e-06
-9.078864559689679e-07
-3.8159059019117194e-07
1.6435185999841402e-07
7.276191747994294e-07
1.2707837704575146e-06
1.7908973486116126e-06
2.2505204229887382e-06
2.6491844584266858e-06
2.9524757221283466e-06
3.1652914021871358e-06
3.2588634458182894e-06
3.24568317282817e-06
3.1044393006940572e-06
2.856524657982787e-06
2.488768778724723e-06
2.0315559282501783e-06
1.479367938638848e-06
8.704271392923615e-07
2.0509223748281305e-07
-4.7285968483367363e-07
-1.159961674946151e-06
-1.8100500991543387e-06
-2.4199661580990554e-06
-2.944749429627163e-06
-3.385175662186396e-06
-3.7009796860704253e-06
-3.899836566039048e-06
-3.951580452156533e-06
-3.865918104205926e-06
-3.6314876951768285e-06
-3.2694554601341226e-06
-2.7662555145987895e-06
-2.161841155315412e-06
-1.4525490546184775e-06
-6.863779959517462e-07
1.345640446455823e-07
9.568835256426235e-07
1.775660536397706e-06
2.5356960239798327e-06
3.233361657057579e-06
3.816032412271329e-06
4.285732685982198e-06
4.596573165091632e-06
4.760030691397864e-06
4.740189683294688e-06
4.560570474392006e-06
4.1971010733198345e-06
3.6863320487895346e-06
3.0161082112067832e-06
2.2352284166208425e-06
1.3417625909172114e-06
3.941594463487303e-07
-6.026431231393764e-07
-1.5845761097185485e-06
-2.544433223544225e-06
-3.4174871852111123e-06
-4.199441335564057e-06
-4.83014012165614e-06
-5.313312026944089e-06
-5.597298720673463e-06
-5.700913334869205e-06
-5.579868165998712e-06
-5.27064646150101e-06
-4.747859560229393e-06
-4.056276872539011e-06
-3.186057679906064e-06
-2.1973353172968793e-06
-1.0919869663153337e-06
5.97770225941648e-08
1.2494004061034226e-06
2.4016714948416208e-06
3.5067740285634343e-06
4.490318505861555e-06
5.347335723098663e-06
6.0103538020818225e-06
6.485067578717751e-06
6.716247749646798e-06
6.724811670440406e-06
6.471387717030048e-06
5.9947047722437e-06
5.272637920746426e-06
4.361806051089551e-06
3.2561667175397126e-06
2.0278283115831942e-06
6.831832384542803e-07
-6.949065214978162e-07
-2.0932707490259243e-06
-3.424733329944857e-06
-4.676301628441019e-06
-5.7637150860275195e-06
-6.681426195323737e-06
-7.355381602152202e-06
-7.79281415261907e-06
-7.938296107209074e-06
-7.814823661986523e-06
-7.385743337947855e-06
-6.699765042377018e-06
-5.737348610435756e-06
-4.567014475134623e-06
-3.1880354450793555e-06
-1.6864321415036141e-06
-7.483664145787957e-08
1.5500366126770055e-06
3.1696163194744254e-06
4.68433707445015e-06
6.07786924099888e-06
7.256206934001323e-06
8.213614216384558e-06
8.869599048796909e-06
9.236299280404201e-06
9.253006337029552e-06
8.95469499435457e-06
8.303968621768194e-06
7.3605631948360855e-06
6.110533551380128e-06
4.636760470924515e-06
2.9454547564376134e-06
1.1376773338825761e-06
-7.666739519728866e-07
-2.656081686473096e-06
-4.505732283750167e-06
-6.20314503019842e-06
-7.728449041493958e-06
-8.978025052554135e-06
-9.947031202688616e-06
-1.054819119799078e-05
-1.0801346927120224e-05
-1.0642629576770072e-05
-1.0117047294104612e-05
-9.191521158358131e-06
-7.938957836259995e-06
-6.352025317740097e-06
-4.5292785343803875e-06
-2.4856705688530665e-06
-3.3912375656247197e-07
1.8816671520335721e-06
4.049368985723536e-06
6.13232464081734e-06
8.005004728026492e-06
9.644189069788532e-06
1.0937407732122576e-05
1.1880563252897785e-05
1.238400464908655e-05
1.2471197151380446e-05
1.2082013608784398e-05
1.1272224189504177e-05
1.001384194001357e-05
8.395205801077201e-06
6.418340748542888e-06
4.199756715768026e-06
1.7648959255881792e-06
-7.501763423377662e-07
-3.3069009819633e-06
-5.761339585657981e-06
-8.07447836058866e-06
-1.0107688160476076e-05
-1.1834500901668136e-05
-1.3135112898211942e-05
-1.4006182414910897e-05
-1.4357851017995526e-05
-1.4220692865543164e-05
-1.3537676636104378e-05
-1.23786331250126e-05
-1.0723922854499098e-05
-8.679467890030058e-06
-6.258440741248299e-06
-3.5971206605150357e-06
-7.333614246579966e-07
2.1769596190015855e-06
5.084160667089017e-06
7.827004352863044e-06
1.0358929043685099e-05
1.2528501198751165e-05
1.4307203153183643e-05
1.5567545952239714e-05
1.631193284433483e-05
1.644797966362581e-05
1.601792679000586e-05
1.4970801180979408e-05
1.3392184639343713e-05
1.1272981972641687e-05
8.73942435457513e-06
5.818580350125422e-06
2.6687487432886378e-06
-6.580719955296852e-07
-3.984982588064692e-06
-7.250319620176667e-06
-1.027514237864653e-05
-1.3005444752914058e-05
-1.5277186529507677e-05
-1.7061610439322786e-05
-1.8224325430038508e-05
-1.8775090024103717e-05
-1.8623241315843648e-05
-1.7823656808151367e-05
-1.6334066700157753e-05
-1.4259285647243723e-05
-1.1603883805891777e-05
-8.516865761720479e-06
-5.041382249355884e-06
-1.3597497301379534e-06
2.460053924328037e-06
6.2187635932190055e-06
9.84189667077726e-06
1.3132677366223915e-05
1.6029899608411875e-05
1.835874682087689e-05
2.0089735975119868e-05
2.10867778547075e-05
2.1366648587017334e-05
2.084367318570533e-05
1.958919093672417e-05
1.7572593895695623e-05
1.4920553577326768e-05
1.1654234752049868e-05
7.948392958949467e-06
3.8650096529497985e-06
-3.8745902361799726e-07
-4.723514146325978e-06
-8.920624483821165e-06
-1.2891056906424726e-05
-1.6420605546396773e-05
-1.9441137311450783e-05
-2.176914754970106e-05
-2.3376093717936275e-05
-2.4125720274100925e-05
-2.4046228297802707e-05
-2.3059588115096008e-05
-2.1256376839075127e-05
-1.862130989533346e-05
-1.530662318975148e-05
-1.1353375385310768e-05
-6.96476116783111e-06
-2.223925999922595e-06
2.6326088122067787e-06
7.500330866923057e-06
1.2132610590537182e-05
1.642836406483691e-05
2.0156210708808652e-05
2.324350445630519e-05
2.549785538274322e-05
2.6896635628400078e-05
2.7305150716607885e-05
2.6765906727683986e-05
2.521273530012579e-05
2.2759412394045145e-05
1.940950249242174e-05
1.5344117374014714e-05
1.0627548192440923e-05
5.494484474822883e-06
5.181684364396456e-08
-5.434074172219826e-06
-1.0838578544615009e-05
-1.5890585073479802e-05
-2.0476292396962384e-05
-2.4347748342654397e-05
-2.7429969389856494e-05
-2.952440957894658e-05
-3.0616186090072604e-05
-3.057663273765168e-05
-2.9466508070466465e-05
-2.723511813193582e-05
-2.4023362495000204e-05
-1.9857902516376242e-05
-1.4952664535301948e-05
-9.398578576750785e-06
-3.4645261701953236e-06
2.716658686670273e-06
8.847225182324253e-06
1.478156148907592e-05
2.0224233258064026e-05
2.5048870836190317e-05
2.8994028162457772e-05
3.1982732359846995e-05
3.381499187346499e-05
3.448704262676177e-05
3.387966955560755e-05
3.2076296610490715e-05
2.9046530527810074e-05
2.496281045927173e-05
1.9878967041772192e-05
1.4045454694127283e-05
7.583309538980022e-06
7.984690283209083e-07
-6.148135209566566e-06
-1.2926234944175666e-05
-1.9368729819933757e-05
-2.5156835324696604e-05
-3.0152585603990743e-05
-3.408340980643814e-05
-3.6873939222142054e-05
-3.8325438748183946e-05
-3.844974188672383e-05
-3.714211342277676e-05
-3.451325553999859e-05
-3.055771153280441e-05
-2.5484149271905714e-05
-1.9378191356718316e-05
-1.2530830886423322e-05
-5.096500729880831e-06
2.579371894766527e-06
1.0306079369699123e-05
1.7719990574524348e-05
2.4632919764287994e-05
3.070297365584941e-05
3.578409516820609e-05
3.959396035461774e-05
4.20632150018736e-05
4.2999130099747415e-05
4.2433495231517204e-05
4.028103701534163e-05
3.6685164770058815e-05
3.167076582754865e-05
2.5487603540164147e-05
1.8257494552444557e-05
1.0315783660779239e-05
1.8535571170772842e-06
-6.741915015473026e-06
-1.5248833585633842e-05
-2.3269751136089204e-05
-3.0596526445124476e-05
-3.68657788466589e-05
-4.192586540526074e-05
-4.548915109082677e-05
-4.7496043439019696e-05
-4.776473116877236e-05
-4.6352705899917064e-05
-4.319996288757066e-05
-3.848811136226051e-05
-3.2277814912252075e-05
-2.4865093495254917e-05
-1.6412690336166718e-05
-7.304097568474068e-06
2.2300498308425004e-06
1.1758892138436866e-05
2.1028568766022597e-05
2.960867896995051e-05
3.727145362374331e-05
4.363595759866209e-05
4.8547450230484426e-05
5.171753187096189e-05
5.3102008669351885e-05
5.25356581970744e-05
5.0107431451438554e-05
4.578882429896735e-05
3.980585892304372e-05
3.2260858828124604e-05
2.3501214960262404e-05
1.3735032579852576e-05
3.397488976345052e-06
-7.238540575672516e-06
-1.769730632413398e-05
-2.7692365505983656e-05
-3.6761745294678175e-05
-4.466027563987101e-05
-5.0992438677538714e-05
-5.560541165557941e-05
-5.821512800587539e-05
-5.879837712915267e-05
-5.721311550962537e-05
-5.358657551282051e-05
-4.792844556144871e-05
-4.051541302696792e-05
-3.149740780419721e-05
-2.1278497835693614e-05
-1.0116617624292017e-05
1.4981088161414531e-06
1.3248573074472297e-05
2.4613144507758078e-05
3.527399603432527e-05
4.473835510411961e-05
5.2747764001172495e-05
5.889598675713043e-05
6.303706234748354e-05
6.489776893768167e-05
6.448274536922105e-05
6.168012489094414e-05
5.66624972132568e-05
4.9484943379950454e-05
4.04815829984823e-05
2.9856044975352656e-05
1.8074108750876445e-05
5.4475820630216485e-06
-7.47557918347116e-06
-2.0332621261810894e-05
-3.2555697066319884e-05
-4.379704539091314e-05
-5.3536131969260156e-05
-6.15047279676544e-05
-6.729158690101997e-05
-7.076391252388917e-05
-7.166610238752264e-05
-7.003806330938383e-05
-6.580608531699453e-05
-5.9195930008631065e-05
-5.0315504041018635e-05
-3.9563082415684886e-05
-2.7202084471591487e-05
-1.3764978962733122e-05
3.787302464688711e-07
1.4621181420499831e-05
2.8552765019891627e-05
4.156107938283366e-05
5.326970119636067e-05
6.313478279130826e-05
7.088337574692963e-05
7.610514372584983e-05
7.868770546437827e-05
7.840126503961406e-05
7.53292637610354e-05
6.944448579223034e-05
6.1034002254876196e-05
5.026639817244234e-05
3.761106853285688e-05
2.3397141281196855e-05
8.228242749892089e-06
-7.465135946809327e-06
-2.301386947493204e-05
-3.7961278127652126e-05
-5.165212151407014e-05
-6.368498272017234e-05
-7.349717301716152e-05
-8.081732713479868e-05
-8.524365286304806e-05
-8.669223211374133e-05
-8.496774794998912e-05
-8.02062110692645e-05
-7.243605685927708e-05
-6.201425031663914e-05
-4.917790654349693e-05
-3.447434836400211e-05
-1.8304101942470808e-05
-1.3461885515444067e-06
1.590559741087899e-05
3.2719619275071486e-05
4.85939919894795e-05
6.283277422802404e-05
7.50142553255005e-05
8.456322895518937e-05
9.121695856494816e-05
9.459055588556466e-05
9.463788904829888e-05
9.120793283035862e-05
8.449891467659095e-05
7.460436808808333e-05
6.195999795373661e-05
4.687951849794441e-05
2.9994891758589872e-05
1.178320718629588e-05
-6.9975446976844324e-06
-2.5788731751076556e-05
-4.3796379155979466e-05
-6.047527228013536e-05
-7.509321260478798e-05
-8.721362915096056e-05
-9.625605795156356e-05
-0.00010197514309061539
-0.0001040125546772041
-0.00010236996441238331
-9.695108954074712e-05
-8.802676483909431e-05
-7.576565342370325e-05
-6.069116719649057e-05
-4.320148634922702e-05
-2.4019498753424315e-05
-3.703751822481255e-06
1.6906422491833928e-05
3.7186129289080675e-05
5.628120843051073e-05
7.360604890638781e-05
8.839752106257248e-05
0.00010021151480128773
0.00010847087979595475
0.00011295720381844535
0.00011334946715281296
0.0001097083873347839
0.00010200375856318539
9.058981883836533e-05
7.57205548186617e-05
5.8016152183242985e-05
3.7967038500499376e-05
1.639278592850578e-05
-6.062492544338069e-06
-2.847652894598782e-05
-5.0158574066229066e-05
-7.019663705075861e-05
-8.796971647151231e-05
-0.00010269046859436034
-0.0001139155141981912
-0.0001210811396498221
-0.00012400703107076156
-0.0001224212815993747
-0.00011645557498644104
-0.00010615774940775904
-9.197683466053588e-05
-7.426256935035059e-05
-5.374081275431771e-05
-3.100142410817825e-05
-6.9660899264173714e-06
1.7632854271823697e-05
4.1788891213113006e-05
6.47475882584814e-05
8.554309558295769e-05
0.00010352501547428064
0.0001178902958156831
0.00012820629878742998
0.00013393400433030838
0.0001349433850151059
0.0001310246275039623
0.0001223933477734509
0.00010918799631423783
9.19639455793395e-05
7.117708480774664e-05
4.76676888306303e-05
2.2131693294596827e-05
-4.402618611543084e-06
-3.111274881558874e-05
-5.6908763581311866e-05
-8.097531374564791e-05
-0.00010229848725398846
-0.00012020635130111166
-0.00013388988350313233
-0.0001429386275027389
-0.00014685120215025916
-0.00014556143601723585
-0.00013893547525902354
-0.0001272864220696952
-0.00011085643399588404
-9.031904501901064e-05
-6.624661119125409e-05
-3.960182548130447e-05
-1.1192973383116064e-05
1.7842248790772732e-05
4.658986040429079e-05
7.387889015822613e-05
9.883784564274515e-05
0.00012041186122428219
0.00013791702566144496
0.00015055007032040873
0.00015793569899904343
0.00015962427851653986
0.00015562817922539965
0.0001459044619400841
0.00013087804201249148
0.00011090813974384787
8.679815048776555e-05
5.92469375571219e-05
2.9347037650854292e-05
-1.975799204473499e-06
-3.347232658134619e-05
-6.413805826629752e-05
-9.27244965178256e-05
-0.00011831045374583402
-0.0001398093662051595
-0.00015653654991253565
-0.00016770768909406557
-0.00017299729918845118
-0.0001720232045303437
-0.00016489216444227832
-0.00015166778262975709
-0.000132901571933697
-0.00010908339621744843
-8.115820603704261e-05
-4.9960564031317104e-05
-1.671986040174831e-05
1.7517354082617968e-05
5.138922648700391e-05
8.380316489909321e-05
0.00011343887351877125
0.00013933365547359153
0.00016038023281498626
0.00017590643443382751
0.00018516199978602685
0.00018788735077618772
0.0001837846384292899
0.000173071922592659
0.00015593585506118215
0.00013306973010353623
0.00010510751333042276
7.314699963577821e-05
3.816703687559493e-05
1.5394655156653319e-06
-3.556574863102601e-05
-7.167538805030469e-05
-0.00010561284392625484
-0.00013599345720007584
-0.00016182347892383002
-0.0001819879783293594
-0.0001958422860595492
-0.00020268698832216894
-0.0002023462072876453
-0.00019462471418554256
-0.0001798696447047348
-0.0001584076759304152
-0.0001310892028079419
-9.870580022308448e-05
-6.251844866189088e-05
-2.3658382747139185e-05
1.6356293515454065e-05
5.623115101938579e-05
9.438432518103039e-05
0.00012956157493993408
0.0001603234871601872
0.00018565764178215285
0.0002044566579487086
0.00021612051679682158
0.00022001923772770943
0.0002160797791195401
0.00020422889913425483
0.00018496148922460154
0.00015876175829246663
0.0001266524602785298
8.959577554700089e-05
4.9025590573060276e-05
6.2319681690512614e-06
-3.7117814681774906e-05
-7.960602177208667e-05
-0.00011954703819576851
-0.0001556172958104459
-0.0001863345851524304
-0.0002106826186703022
-0.00022757883277967178
-0.0002364868279911588
-0.0002368663983257991
-0.00022876808223184242
-0.00021226109727547903
-0.00018800735891871394
-0.00015666617668683364
-0.00011944799697482644
-7.749757516522574e-05
-3.243080517672541e-05
1.4298678272916888e-05
6.0873505785268944e-05
0.00010575548730181857
0.0001471624904394761
0.00018371245886432294
0.00021389460250360108
0.00023670582831226646
0.00025110799146890235
0.000256649399347388
0.0002529016071077186
0.00024006065610775304
0.00021835961438351425
0.00018864730208004846
0.00015177575093569456
0.00010915784017025501
6.213226824405377e-05
1.2504190081117293e-05
-3.8105651370078963e-05
-8.77309855577633e-05
-0.00013471855459721487
-0.00017719921622642043
-0.00021374572905079653
-0.00024283561859428585
-0.00026349850889159323
-0.00027476237771543283
-0.0002762831819406383
-0.00026776796044768067
-0.0002495815104204344
-0.00022214294689059186
-0.00018650792104440894
-0.00014373891212114936
-9.546490145560983e-05
-4.322908096818721e-05
1.0968471704745638e-05
6.533864893914883e-05
0.00011776951700030196
0.00016650055106296087
0.00020958791394308192
0.00024557513574536253
0.0002729474523919987
0.0002907892172041077
0.0002982186204014951
0.00029502420596534587
0.00028107363676926537
0.0002569246994518431
0.0002232054216095845
0.0001811983999024218
0.00013219364738051227
7.80493463556874e-05
2.052181253367167e-05
-3.818987832556765e-05
-9.612908273449188e-05
-0.00015104419673725927
-0.0002010779067637265
-0.0002442266802752927
-0.0002790236611575328
-0.0003039840215423683
-0.0003182713462733669
-0.00032112020725712714
-0.00031247853716892104
-0.00029240128588358836
-0.00026166454466385833
-0.00022112824417106977
-0.0001723221950524299
-0.00011677999724119824
-5.6601078361442005e-05
6.238007401789742e-06
6.933753633011257e-05
0.00013057658601053698
0.00018757246407885504
0.00023838456053929522
0.00028096769740541995
0.00031386632715748144
0.0003356505019969336
0.0003455901547331446
0.0003430647565779734
0.0003282101956672736
0.0003012965356874372
0.00026334422570358277
0.00021546844766318212
0.00015946585047563194
9.712913737107367e-05
3.0809157494095845e-05
-3.729212681604352e-05
-0.00010457486830653372
-0.00016876000254421335
-0.00022734539304106391
-0.00027832363387017886
-0.00031962907120548615
-0.0003498423136328326
-0.00036761617067323685
-0.0003723564820034435
-0.00036361821886358975
-0.00034175549225073416
-0.00030728270397571456
-0.0002614910159387605
-0.00020577446366952935
-0.00014221526654085908
-7.287949180576058e-05
-3.780738915486109e-07
7.285889404470989e-05
0.00014403473257513765
0.00021072122198523014
0.00027031164181569805
0.0003207516934920691
0.0003599797028577233
0.00038664034257977054
0.0003994999337289227
0.0003981324630547178
0.0003823011919956638
0.00035261021091493103
0.00030984836988436933
0.0002556044745914713
0.0001915744478817488
0.00012014429815520099
4.366602078953786e-05
-3.4982902197517105e-05
-0.0001131438707379618
-0.00018782963448247264
-0.00025647517596364387
-0.0003163874507600817
-0.00036548859590144664
-0.00040174883626324214
-0.00042390819185841763
-0.0004308801780748663
-0.00042244161679681216
-0.00039859878626090345
-0.00036023925910034035
-0.00030845704128716807
-0.0002451659310961191
-0.00017238615535657042
-9.282438982107848e-05
-9.12957179611973e-06
7.555019824498776e-05
0.00015833042619100527
0.00023604270798846603
0.00030600102964549344
0.00036544800182834064
0.0004123092625289089
0.00044461838574781583
0.00046124526408579923
0.0004612873322457229
0.0004447615956902584
0.000411954052920139
0.00036407043074225727
0.00030254149672926756
0.00022963303126281794
0.00014771152532319792
5.9819766546538644e-05
-3.1087626162033535e-05
-0.00012159039849188141
-0.00020858382645218412
-0.00028873136505716627
-0.0003592455949632181
-0.000417330585241887
-0.00046094635535766257
-0.00048822509962230385
-0.0004982046023897999
-0.0004902059428117827
-0.0004645259659008189
-0.0004217692716947164
-0.0003634954486718697
-0.0002915043239269942
-0.00020844044863726227
-0.00011703732619566556
-2.0687743115435747e-05
7.73415318316826e-05
0.00017335961941123898
0.0002640506509221909
0.0003459266613530273
0.0004161224314995568
0.00047183346966496383
0.0005110891467540033
0.0005321593165644136
0.0005342911731646979
0.0005170723662232678
0.0004811218623457559
0.00042740340106666135
0.00035786751720184894
0.0002747154664694031
0.0001809970738186031
7.983253534001933e-05
-2.502359460923668e-05
-0.00012998855075004883
-0.00023110547384625583
-0.0003248601647875188
-0.0004076340840630065
-0.00047651209700450714
-0.0005287153949781958
-0.0005623819742145812
-0.0005759625168013172
-0.0005689588877001536
-0.0005412711430261135
-0.0004938854188367554
-0.0004281668227521223
-0.0003464950693886201
-0.0002515056122226722
-0.00014667926061593048
-3.554118870279543e-05
7.778257101754139e-05
0.00018939236486958147
0.00029507355915003245
0.00039113039346898667
0.0004738389125438512
0.0005402665430570503
0.0005876991068667748
0.0006144269652636569
0.0006191289461116046
0.0006016107174769592
0.0005621340545109566
0.000502099726578656
0.0004233185426670112
0.0003286384466159291
0.00022116200802403362
0.0001048261913293692
-1.6422236648165676e-05
-0.00013807853067377996
-0.0002559283287044647
-0.00036551118526751374
-0.0004629708871425602
-0.0005445079470862458
-0.0006072096358889134
-0.0006484702402932477
-0.0006667810717274296
-0.0006611011088071057
-0.0006315927700684356
-0.0005789324898084525
-0.0005049857951032661
-0.0004120554569201077
-0.0003034979655633116
-0.00018291595036442522
-5.4726811375316575e-05
7.66861000005717e-05
0.0002064346881759882
0.0003299955151143717
0.0004426783643960207
0.0005404922503007242
0.0006195970183876718
0.000677142391030353
0.0007106802765418747
0.0007189565799420155
0.0007012672202557478
0.0006581889141301621
0.0005908692587368216
0.0005016918694957678
0.0003934997632038894
0.00027019934809532805
0.00013592658949037372
-4.3972168427796116e-06
-0.00014593905073025378
-0.0002834255731214731
-0.00041203347460046886
-0.0005268631643403048
-0.0006238196101722454
-0.0006990622473170917
-0.0007498514577029945
-0.0007739516290628701
-0.0007704227602961995
-0.0007389596226748218
-0.0006806156922699059
-0.0005970703572934681
-0.0004912818977747114
-0.0003666844753326014
-0.00022777720211053255
-7.926287854522028e-05
7.341055808324089e-05
0.00022494913767910155
0.0003696953040689345
0.0005025389542260622
0.0006183961820835338
0.0007131039195001861
0.000782867363257427
0.0008251120525365607
0.00083787599747106
0.0008205988702481374
0.0007734423615150956
0.0006980044490687376
0.0005965618594780233
0.00047270803704326783
0.0003305219412967704
0.0001751400573431146
1.1866227461726244e-05
-0.00015330285512871653
-0.0003146027958102855
-0.00046599577516720205
-0.0006021019582846445
-0.0007176832484028521
-0.0008085504168416488
-0.0008710070106178327
-0.0009027049719182126
-0.0009020244011861685
-0.0008688571744222577
-0.0008039068235276008
-0.0007093899194845797
-0.0005882515405156275
-0.0004447856233333569
-0.0002837733198200861
-0.0001110355154197112
6.748756268672557e-05
0.00024522852575926946
0.00041594467603595954
0.0005732248687784875
0.00071144086518256
0.0008252358166734952
0.0009104425666419883
0.0009635228926715495
0.000982424221247803
0.0009659451351855709
0.0009145106258094229
0.000829448879936493
0.0007136768004974372
0.0005708857931284691
0.00040614138842652743
0.00022498905875859793
3.39846030391051e-05
-0.0001602580999736004
-0.0003505786940103288
-0.0005302495642881055
-0.0006924959653116524
-0.0008314669862030695
-0.0009417283689997666
-0.0010191904010341684
-0.0010605409495642675
-0.0010641011806892993
-0.001029174047471241
-0.0009568083583011386
-0.0008490495678760675
-0.0007096058295736652
-0.0005430014868111615
-0.0003551525036401563
-0.00015243711410110048
5.7798659620371586e-05
0.00026822687070854437
0.0004710706238612396
0.0006591114332856933
0.0008252233749765575
0.0009633631226802669
0.0010680666499768116
0.0011353851478932786
0.0011623100569309718
0.0011476249978755455
0.0010912348152068067
0.000994914750586704
0.0008615322572413332
0.0006956896393812616
0.0005028418898653695
0.00028984428261815873
6.398498389923042e-05
-0.00016653749440103215
-0.00039363581450374243
-0.0006088903501261667
-0.0008045854712398826
-0.0009732586471854121
-0.0011087091098900903
-0.0012054978887221092
-0.00125988963769665
-0.0012692682471603426
-0.0012329814848388786
-0.0011516478587894367
-0.0010278869272357031
-0.0008655083350385474
-0.0006701268260940502
-0.00044824069443879914
-0.00020774714046340717
4.306648738126342e-05
0.0002950768784805354
0.0005393843818824148
0.0007668956177633474
0.0009693898595700548
0.0011390840408425822
0.001269659563726244
0.0013557652478229341
0.0013939629638565598
0.001382131593838921
0.0013203010833257268
0.0012099335832990582
0.0010546304827976838
0.000859284485726907
0.0006306618180945754
0.0003764369066504312
0.00010567056987711834
-0.00017224417956959108
-0.0004471721849846396
-0.0007093369849308163
-0.0009489323892162291
-0.0011572204945241072
-0.0013261139667876583
-0.0014492208048137365
-0.0015213492850082748
-0.0015394556610192458
-0.0015020337897750416
-0.0014099347746404176
-0.0012656185380455203
-0.0010738321734185226
-0.0008407201389679304
-0.0005743678345174934
-0.00028378704436477555
2.064898201458911e-05
0.0003283101482771313
0.0006279405789638341
0.0009088045674164285
0.00116033093661125
0.0013732448401532237
0.0015391689845679606
0.0016516865258701758
0.0017058475736301572
0.0016991165595168366
0.0016307449530327512
0.0015025719914338834
0.0013182420498160524
0.0010838482902558468
0.0008069947982060935
0.0004972943994191037
0.0001652982289245
-0.00017711962847178904
-0.0005179235070555839
-0.0008445948978671814
-0.0011453286544621133
-0.0014087150011023383
-0.0016249083480028303
-0.0017852502506179137
-0.001883350665302699
-0.001914596180745439
-0.0018770946817782555
-0.0017710280991616546
-0.0015994293751057972
-0.0013673598917489415
-0.001082511077023489
-0.0007542110620237847
-0.00039386786755314944
-1.3834509604664489e-05
0.0003722661265825605
0.0007507678542523888
0.0011076961713519383
0.0014300219870617024
0.0017053881256235144
0.0019233198421697286
0.002074873571445887
0.002153738289398334
0.00215574582959532
0.0020798109148596217
0.001927260626927642
0.001702581861093664
0.0014125521404934661
0.0010667901402729805
0.0006766972135352028
0.00025583467931545385
-0.0001812869287840419
-0.0006189550135205361
-0.0010415584107844398
-0.0014333905423767116
-0.0017799709574224454
-0.0020678261360269003
-0.002285749600561777
-0.0024244824943065765
-0.0024778388040306762
-0.002442219605535196
-0.0023175470279977496
-0.002106567352356411
-0.0018155624059954145
-0.001453425379021908
-0.0010321491041327614
-0.0005656898329063532
-7.026363034084067e-05
0.0004369558660657284
0.0009376737407398113
0.0014138708892886425
0.0018476925348593029
0.0022228534226387967
0.002524487826782992
0.0027404717153307174
0.0028611460465803036
0.0028804729933377877
0.002795558873205398
0.0026075825350299234
0.002321069499026799
0.0019445604186154979
0.001489621813700559
0.000971257733856874
0.00040667883960974165
-0.00018450274445073423
-0.0007816893880466061
-0.0013632481895381188
-0.0019080269949609569
-0.0023953544244967886
-0.0028065536545783744
-0.003124886342309563
-0.0033369581528793686
-0.0034325040501218475
-0.003405590369196974
-0.003254157269760658
-0.0029809469128345566
-0.002592749048706258
-0.0021010203361819905
-0.001520818617686074
-0.000871119957013069
-0.00017346993934687008
0.0005479520929400752
0.0012678959115715149
0.001960142220953175
0.0025991775895477815
0.003160348701334974
0.0036215272236602993
0.003963190107853417
0.004169948450138271
0.004230431775723678
0.004138567571193922
0.003893169358229053
0.0034988826350409487
0.0029654122834454873
0.0023080930854604133
0.0015467385052715383
0.0007058431470297421
-0.0001869136536518248
-0.001100774937669998
-0.0020036657123071832
-0.002862505980837098
-0.003645111172918246
-0.00432057395745248
-0.004861157902757157
-0.005242594649881881
-0.005445816318008937
-0.005457017690947562
-0.0052690866020876515
-0.004881304683463397
-0.004300367734851588
-0.0035396399202157025
-0.0026197053753955527
-0.0015671454822961245
-0.0004146216992670966
0.0008007926834230942
0.002037936703490699
0.0032535842450078425
0.004403056354157222
0.005442455540676008
0.0063294037070103296
0.007025310249366783
0.007496048274655435
0.007714064768840416
0.007658805133791738
0.007318483953835475
0.006690090036394532
0.005780669360100345
0.004606787255137013
0.003195229045392671
0.0015818572537962062
-0.00018829667317341395
-0.0020627698189981526
-0.00398213769730843
-0.005882262603225684
-0.0076952065918194385
-0.009351840424211895
-0.010783021723883847
-0.01192236401273901
-0.012707462438034178
-0.013082594284069668
-0.012999759760586345
-0.012421084635247477
-0.011319456351140527
-0.00968042553019745
-0.007502257475571894
-0.004797181065168163
-0.0015907375126595269
0.002077703511315252
0.006156337825367217
0.01058114156360454
0.015277963038336981
0.020163382289823888
0.025147375114832813
0.0301346549163487
0.03502771501211751
0.03972843233461173
0.044141246866706264
0.04817477302436138
0.051744855849969115
0.054775930774689
0.05720370646506069
0.058976039127370476
0.060055030849025554
0.06041723657473281
0.060055030849025554
0.058976039127370476
0.05720370646506069
0.054775930774689
0.051744855849969115
0.04817477302436138
0.044141246866706264
0.03972843233461173
0.03502771501211751
0.0301346549163487
0.025147375114832813
0.020163382289823888
0.015277963038336981
0.01058114156360454
0.006156337825367217
0.002077703511315252
-0.0015907375126595269
-0.004797181065168163
-0.007502257475571894
-0.00968042553019745
-0.011319456351140527
-0.012421084635247477
-0.012999759760586345
-0.013082594284069668
-0.012707462438034178
-0.01192236401273901
-0.010783021723883847
-0.009351840424211895
-0.0076952065918194385
-0.005882262603225684
-0.00398213769730843
-0.0020627698189981526
-0.00018829667317341395
0.0015818572537962062
0.003195229045392671
0.004606787255137013
0.005780669360100345
0.006690090036394532
0.007318483953835475
0.007658805133791738
0.007714064768840416
0.007496048274655435
0.007025310249366783
0.0063294037070103296
0.005442455540676008
0.004403056354157222
0.0032535842450078425
0.002037936703490699
0.0008007926834230942
-0.0004146216992670966
-0.0015671454822961245
-0.0026197053753955527
-0.0035396399202157025
-0.004300367734851588
-0.004881304683463397
-0.0052690866020876515
-0.005457017690947562
-0.005445816318008937
-0.005242594649881881
-0.004861157902757157
-0.00432057395745248
-0.003645111172918246
-0.002862505980837098
-0.0020036657123071832
-0.001100774937669998
-0.0001869136536518248
0.0007058431470297421
0.0015467385052715383
0.0023080930854604133
0.0029654122834454873
0.0034988826350409487
0.003893169358229053
0.004138567571193922
0.004230431775723678
0.004169948450138271
0.003963190107853417
0.0036215272236602993
0.003160348701334974
0.0025991775895477815
0.001960142220953175
0.0012678959115715149
0.0005479520929400752
-0.00017346993934687008
-0.000871119957013069
-0.001520818617686074
-0.0021010203361819905
-0.002592749048706258
-0.0029809469128345566
-0.003254157269760658
-0.003405590369196974
-0.0034325040501218475
-0.0033369581528793686
-0.003124886342309563
-0.0028065536545783744
-0.0023953544244967886
-0.0019080269949609569
-0.0013632481895381188
-0.0007816893880466061
-0.00018450274445073423
0.00040667883960974165
0.000971257733856874
0.001489621813700559
0.0019445604186154979
0.002321069499026799
0.0026075825350299234
0.002795558873205398
0.0028804729933377877
0.0028611460465803036
0.0027404717153307174
0.002524487826782992
0.0022228534226387967
0.0018476925348593029
0.0014138708892886425
0.0009376737407398113
0.0004369558660657284
-7.026363034084067e-05
-0.0005656898329063532
-0.0010321491041327614
-0.001453425379021908
-0.0018155624059954145
-0.002106567352356411
-0.0023175470279977496
-0.002442219605535196
-0.0024778388040306762
-0.0024244824943065765
-0.002285749600561777
-0.0020678261360269003
-0.0017799709574224454
-0.0014333905423767116
-0.0010415584107844398
-0.0006189550135205361
-0.0001812869287840419
0.00025583467931545385
0.0006766972135352028
0.0010667901402729805
0.0014125521404934661
0.001702581861093664
0.001927260626927642
0.0020798109148596217
0.00215574582959532
0.002153738289398334
0.002074873571445887
0.0019233198421697286
0.0017053881256235144
0.0014300219870617024
0.0011076961713519383
0.0007507678542523888
0.0003722661265825605
-1.3834509604664489e-05
-0.00039386786755314944
-0.0007542110620237847
-0.001082511077023489
-0.0013673598917489415
-0.0015994293751057972
-0.0017710280991616546
-0.0018770946817782555
-0.001914596180745439
-0.001883350665302699
-0.0017852502506179137
-0.0016249083480028303
-0.0014087150011023383
-0.0011453286544621133
-0.0008445948978671814
-0.0005179235070555839
-0.00017711962847178904
0.0001652982289245
0.0004972943994191037
0.0008069947982060935
0.0010838482902558468
0.0013182420498160524
0.0015025719914338834
0.0016307449530327512
0.0016991165595168366
0.0017058475736301572
0.0016516865258701758
0.0015391689845679606
0.0013732448401532237
0.00116033093661125
0.0009088045674164285
0.0006279405789638341
0.0003283101482771313
2.064898201458911e-05
-0.00028378704436477555
-0.0005743678345174934
-0.0008407201389679304
-0.0010738321734185226
-0.0012656185380455203
-0.0014099347746404176
-0.0015020337897750416
-0.0015394556610192458
-0.0015213492850082748
-0.0014492208048137365
-0.0013261139667876583
-0.0011572204945241072
-0.0009489323892162291
-0.0007093369849308163
-0.0004471721849846396
-0.00017224417956959108
0.00010567056987711834
0.0003764369066504312
0.0006306618180945754
0.000859284485726907
0.0010546304827976838
0.0012099335832990582
0.0013203010833257268
0.001382131593838921
0.0013939629638565598
0.0013557652478229341
0.001269659563726244
0.0011390840408425822
0.0009693898595700548
0.0007668956177633474
0.0005393843818824148
0.0002950768784805354
4.306648738126342e-05
-0.00020774714046340717
-0.00044824069443879914
-0.0006701268260940502
-0.0008655083350385474
-0.0010278869272357031
-0.0011516478587894367
-0.0012329814848388786
-0.0012692682471603426
-0.00125988963769665
-0.0012054978887221092
-0.0011087091098900903
-0.0009732586471854121
-0.0008045854712398826
-0.0006088903501261667
-0.00039363581450374243
-0.00016653749440103215
6.398498389923042e-05
0.00028984428261815873
0.0005028418898653695
0.0006956896393812616
0.0008615322572413332
0.000994914750586704
0.0010912348152068067
0.0011476249978755455
0.0011623100569309718
0.0011353851478932786
0.0010680666499768116
0.0009633631226802669
0.0008252233749765575
0.0006591114332856933
0.0004710706238612396
0.00026822687070854437
5.7798659620371586e-05
-0.00015243711410110048
-0.0003551525036401563
-0.0005430014868111615
-0.0007096058295736652
-0.0008490495678760675
-0.0009568083583011386
-0.001029174047471241
-0.0010641011806892993
-0.0010605409495642675
-0.0010191904010341684
-0.0009417283689997666
-0.0008314669862030695
-0.0006924959653116524
-0.0005302495642881055
-0.0003505786940103288
-0.0001602580999736004
3.39846030391051e-05
0.00022498905875859793
0.00040614138842652743
0.0005708857931284691
0.0007136768004974372
0.000829448879936493
0.0009145106258094229
0.0009659451351855709
0.000982424221247803
0.0009635228926715495
0.0009104425666419883
0.0008252358166734952
0.00071144086518256
0.0005732248687784875
0.00041594467603595954
0.00024522852575926946
6.748756268672557e-05
-0.0001110355154197112
-0.0002837733198200861
-0.0004447856233333569
-0.0005882515405156275
-0.0007093899194845797
-0.0008039068235276008
-0.0008688571744222577
-0.0009020244011861685
-0.0009027049719182126
-0.0008710070106178327
-0.0008085504168416488
-0.0007176832484028521
-0.0006021019582846445
-0.00046599577516720205
-0.0003146027958102855
-0.00015330285512871653
1.1866227461726244e-05
0.0001751400573431146
0.0003305219412967704
0.00047270803704326783
0.0005965618594780233
0.0006980044490687376
0.0007734423615150956
0.0008205988702481374
0.00083787599747106
0.0008251120525365607
0.000782867363257427
0.0007131039195001861
0.0006183961820835338
0.0005025389542260622
0.0003696953040689345
0.00022494913767910155
7.341055808324089e-05
-7.926287854522028e-05
-0.00022777720211053255
-0.0003666844753326014
-0.0004912818977747114
-0.0005970703572934681
-0.0006806156922699059
-0.0007389596226748218
-0.0007704227602961995
-0.0007739516290628701
-0.0007498514577029945
-0.0006990622473170917
-0.0006238196101722454
-0.0005268631643403048
-0.00041203347460046886
-0.0002834255731214731
-0.00014593905073025378
-4.3972168427796116e-06
0.00013592658949037372
0.00027019934809532805
0.0003934997632038894
0.0005016918694957678
0.0005908692587368216
0.0006581889141301621
0.0007012672202557478
0.0007189565799420155
0.0007106802765418747
0.000677142391030353
0.0006195970183876718
0.0005404922503007242
0.0004426783643960207
0.0003299955151143717
0.0002064346881759882
7.66861000005717e-05
-5.4726811375316575e-05
-0.00018291595036442522
-0.0003034979655633116
-0.0004120554569201077
-0.0005049857951032661
-0.0005789324898084525
-0.0006315927700684356
-0.0006611011088071057
-0.0006667810717274296
-0.0006484702402932477
-0.0006072096358889134
-0.0005445079470862458
-0.0004629708871425602
-0.00036551118526751374
-0.0002559283287044647
-0.00013807853067377996
-1.6422236648165676e-05
0.0001048261913293692
0.00022116200802403362
0.0003286384466159291
0.0004233185426670112
0.000502099726578656
0.0005621340545109566
0.0006016107174769592
0.0006191289461116046
0.0006144269652636569
0.0005876991068667748
0.0005402665430570503
0.0004738389125438512
0.00039113039346898667
0.00029507355915003245
0.00018939236486958147
7.778257101754139e-05
-3.554118870279543e-05
-0.00014667926061593048
-0.0002515056122226722
-0.0003464950693886201
-0.0004281668227521223
-0.0004938854188367554
-0.0005412711430261135
-0.0005689588877001536
-0.0005759625168013172
-0.0005623819742145812
-0.0005287153949781958
-0.00047651209700450714
-0.0004076340840630065
-0.0003248601647875188
-0.00023110547384625583
-0.00012998855075004883
-2.502359460923668e-05
7.983253534001933e-05
0.0001809970738186031
0.0002747154664694031
0.00035786751720184894
0.00042740340106666135
0.0004811218623457559
0.0005170723662232678
0.0005342911731646979
0.0005321593165644136
0.0005110891467540033
0.00047183346966496383
0.0004161224314995568
0.0003459266613530273
0.0002640506509221909
0.00017335961941123898
7.73415318316826e-05
-2.0687743115435747e-05
-0.00011703732619566556
-0.00020844044863726227
-0.0002915043239269942
-0.0003634954486718697
-0.0004217692716947164
-0.0004645259659008189
-0.0004902059428117827
-0.0004982046023897999
-0.00048822509962230385
-0.00046094635535766257
-0.000417330585241887
-0.0003592455949632181
-0.00028873136505716627
-0.00020858382645218412
-0.00012159039849188141
-3.1087626162033535e-05
5.9819766546538644e-05
0.00014771152532319792
0.00022963303126281794
0.00030254149672926756
0.00036407043074225727
0.000411954052920139
0.0004447615956902584
0.0004612873322457229
0.00046124526408579923
0.00044461838574781583
0.0004123092625289089
0.00036544800182834064
0.00030600102964549344
0.00023604270798846603
0.00015833042619100527
7.555019824498776e-05
-9.12957179611973e-06
-9.282438982107848e-05
-0.00017238615535657042
-0.0002451659310961191
-0.00030845704128716807
-0.00036023925910034035
-0.00039859878626090345
-0.00042244161679681216
-0.0004308801780748663
-0.00042390819185841763
-0.00040174883626324214
-0.00036548859590144664
-0.0003163874507600817
-0.00025647517596364387
-0.00018782963448247264
-0.0001131438707379618
-3.4982902197517105e-05
4.366602078953786e-05
0.00012014429815520099
0.0001915744478817488
0.0002556044745914713
0.00030984836988436933
0.00035261021091493103
0.0003823011919956638
0.0003981324630547178
0.0003994999337289227
0.00038664034257977054
0.0003599797028577233
0.0003207516934920691
0.00027031164181569805
0.00021072122198523014
0.00014403473257513765
7.285889404470989e-05
-3.780738915486109e-07
-7.287949180576058e-05
-0.00014221526654085908
-0.00020577446366952935
-0.0002614910159387605
-0.00030728270397571456
-0.00034175549225073416
-0.00036361821886358975
-0.0003723564820034435
-0.00036761617067323685
-0.0003498423136328326
-0.00031962907120548615
-0.00027832363387017886
-0.00022734539304106391
-0.00016876000254421335
-0.00010457486830653372
-3.729212681604352e-05
3.0809157494095845e-05
9.712913737107367e-05
0.00015946585047563194
0.00021546844766318212
0.00026334422570358277
0.0003012965356874372
0.0003282101956672736
0.0003430647565779734
0.0003455901547331446
0.0003356505019969336
0.00031386632715748144
0.00028096769740541995
0.00023838456053929522
0.00018757246407885504
0.00013057658601053698
6.933753633011257e-05
6.238007401789742e-06
-5.6601078361442005e-05
-0.00011677999724119824
-0.0001723221950524299
-0.00022112824417106977
-0.00026166454466385833
-0.00029240128588358836
-0.00031247853716892104
-0.00032112020725712714
-0.0003182713462733669
-0.0003039840215423683
-0.0002790236611575328
-0.0002442266802752927
-0.0002010779067637265
-0.00015104419673725927
-9.612908273449188e-05
-3.818987832556765e-05
2.052181253367167e-05
7.80493463556874e-05
0.00013219364738051227
0.0001811983999024218
0.0002232054216095845
0.0002569246994518431
0.00028107363676926537
0.00029502420596534587
0.0002982186204014951
0.0002907892172041077
0.0002729474523919987
0.00024557513574536253
0.00020958791394308192
0.00016650055106296087
0.00011776951700030196
6.533864893914883e-05
1.0968471704745638e-05
-4.322908096818721e-05
-9.546490145560983e-05
-0.00014373891212114936
-0.00018650792104440894
-0.00022214294689059186
-0.0002495815104204344
-0.00026776796044768067
-0.0002762831819406383
-0.00027476237771543283
-0.00026349850889159323
-0.00024283561859428585
-0.00021374572905079653
-0.00017719921622642043
-0.00013471855459721487
-8.77309855577633e-05
-3.8105651370078963e-05
1.2504190081117293e-05
6.213226824405377e-05
0.00010915784017025501
0.00015177575093569456
0.00018864730208004846
0.00021835961438351425
0.00024006065610775304
0.0002529016071077186
0.000256649399347388
0.00025110799146890235
0.00023670582831226646
0.00021389460250360108
0.00018371245886432294
0.0001471624904394761
0.00010575548730181857
6.0873505785268944e-05
1.4298678272916888e-05
-3.243080517672541e-05
-7.749757516522574e-05
-0.00011944799697482644
-0.00015666617668683364
-0.00018800735891871394
-0.00021226109727547903
-0.00022876808223184242
-0.0002368663983257991
-0.0002364868279911588
-0.00022757883277967178
-0.0002106826186703022
-0.0001863345851524304
-0.0001556172958104459
-0.00011954703819576851
-7.960602177208667e-05
-3.7117814681774906e-05
6.2319681690512614e-06
4.9025590573060276e-05
8.959577554700089e-05
0.0001266524602785298
0.00015876175829246663
0.00018496148922460154
0.00020422889913425483
0.0002160797791195401
0.00022001923772770943
0.00021612051679682158
0.0002044566579487086
0.00018565764178215285
0.0001603234871601872
0.00012956157493993408
9.438432518103039e-05
5.623115101938579e-05
1.6356293515454065e-05
-2.3658382747139185e-05
-6.251844866189088e-05
-9.870580022308448e-05
-0.0001310892028079419
-0.0001584076759304152
-0.0001798696447047348
-0.00019462471418554256
-0.0002023462072876453
-0.00020268698832216894
-0.0001958422860595492
-0.0001819879783293594
-0.00016182347892383002
-0.00013599345720007584
-0.00010561284392625484
-7.167538805030469e-05
-3.556574863102601e-05
1.5394655156653319e-06
3.816703687559493e-05
7.314699963577821e-05
0.00010510751333042276
0.00013306973010353623
0.00015593585506118215
0.000173071922592659
0.0001837846384292899
0.00018788735077618772
0.00018516199978602685
0.00017590643443382751
0.00016038023281498626
0.00013933365547359153
0.00011343887351877125
8.380316489909321e-05
5.138922648700391e-05
1.7517354082617968e-05
-1.671986040174831e-05
-4.9960564031317104e-05
-8.115820603704261e-05
-0.00010908339621744843
-0.000132901571933697
-0.00015166778262975709
-0.00016489216444227832
-0.0001720232045303437
-0.00017299729918845118
-0.00016770768909406557
-0.00015653654991253565
-0.0001398093662051595
-0.00011831045374583402
-9.27244965178256e-05
-6.413805826629752e-05
-3.347232658134619e-05
-1.975799204473499e-06
2.9347037650854292e-05
5.92469375571219e-05
8.679815048776555e-05
0.00011090813974384787
0.00013087804201249148
0.0001459044619400841
0.00015562817922539965
0.00015962427851653986
0.00015793569899904343
0.00015055007032040873
0.00013791702566144496
0.00012041186122428219
9.883784564274515e-05
7.387889015822613e-05
4.658986040429079e-05
1.7842248790772732e-05
-1.1192973383116064e-05
-3.960182548130447e-05
-6.624661119125409e-05
-9.031904501901064e-05
-0.00011085643399588404
-0.0001272864220696952
-0.00013893547525902354
-0.00014556143601723585
-0.00014685120215025916
-0.0001429386275027389
-0.00013388988350313233
-0.00012020635130111166
-0.00010229848725398846
-8.097531374564791e-05
-5.6908763581311866e-05
-3.111274881558874e-05
-4.402618611543084e-06
2.2131693294596827e-05
4.76676888306303e-05
7.117708480774664e-05
9.19639455793395e-05
0.00010918799631423783
0.0001223933477734509
0.0001310246275039623
0.0001349433850151059
0.00013393400433030838
0.00012820629878742998
0.0001178902958156831
0.00010352501547428064
8.554309558295769e-05
6.47475882584814e-05
4.1788891213113006e-05
1.7632854271823697e-05
-6.9660899264173714e-06
-3.100142410817825e-05
-5.374081275431771e-05
-7.426256935035059e-05
-9.197683466053588e-05
-0.00010615774940775904
-0.00011645557498644104
-0.0001224212815993747
-0.00012400703107076156
-0.0001210811396498221
-0.0001139155141981912
-0.00010269046859436034
-8.796971647151231e-05
-7.019663705075861e-05
-5.0158574066229066e-05
-2.847652894598782e-05
-6.062492544338069e-06
1.639278592850578e-05
3.7967038500499376e-05
5.8016152183242985e-05
7.57205548186617e-05
9.058981883836533e-05
0.00010200375856318539
0.0001097083873347839
0.00011334946715281296
0.00011295720381844535
0.00010847087979595475
0.00010021151480128773
8.839752106257248e-05
7.360604890638781e-05
5.628120843051073e-05
3.7186129289080675e-05
1.6906422491833928e-05
-3.703751822481255e-06
-2.4019498753424315e-05
-4.320148634922702e-05
-6.069116719649057e-05
-7.576565342370325e-05
-8.802676483909431e-05
-9.695108954074712e-05
-0.00010236996441238331
-0.0001040125546772041
-0.00010197514309061539
-9.625605795156356e-05
-8.721362915096056e-05
-7.509321260478798e-05
-6.047527228013536e-05
-4.3796379155979466e-05
-2.5788731751076556e-05
-6.9975446976844324e-06
1.178320718629588e-05
2.9994891758589872e-05
4.687951849794441e-05
6.195999795373661e-05
7.460436808808333e-05
8.449891467659095e-05
9.120793283035862e-05
9.463788904829888e-05
9.459055588556466e-05
9.121695856494816e-05
8.456322895518937e-05
7.50142553255005e-05
6.283277422802404e-05
4.85939919894795e-05
3.2719619275071486e-05
1.590559741087899e-05
-1.3461885515444067e-06
-1.8304101942470808e-05
-3.447434836400211e-05
-4.917790654349693e-05
-6.201425031663914e-05
-7.243605685927708e-05
-8.02062110692645e-05
-8.496774794998912e-05
-8.669223211374133e-05
-8.524365286304806e-05
-8.081732713479868e-05
-7.349717301716152e-05
-6.368498272017234e-05
-5.165212151407014e-05
-3.7961278127652126e-05
-2.301386947493204e-05
-7.465135946809327e-06
8.228242749892089e-06
2.3397141281196855e-05
3.761106853285688e-05
5.026639817244234e-05
6.1034002254876196e-05
6.944448579223034e-05
7.53292637610354e-05
7.840126503961406e-05
7.868770546437827e-05
7.610514372584983e-05
7.088337574692963e-05
6.313478279130826e-05
5.326970119636067e-05
4.156107938283366e-05
2.8552765019891627e-05
1.4621181420499831e-05
3.787302464688711e-07
-1.3764978962733122e-05
-2.7202084471591487e-05
-3.9563082415684886e-05
-5.0315504041018635e-05
-5.9195930008631065e-05
-6.580608531699453e-05
-7.003806330938383e-05
-7.166610238752264e-05
-7.076391252388917e-05
-6.729158690101997e-05
-6.15047279676544e-05
-5.3536131969260156e-05
-4.379704539091314e-05
-3.2555697066319884e-05
-2.0332621261810894e-05
-7.47557918347116e-06
5.4475820630216485e-06
1.8074108750876445e-05
2.9856044975352656e-05
4.04815829984823e-05
4.9484943379950454e-05
5.66624972132568e-05
6.168012489094414e-05
6.448274536922105e-05
6.489776893768167e-05
6.303706234748354e-05
5.889598675713043e-05
5.2747764001172495e-05
4.473835510411961e-05
3.527399603432527e-05
2.4613144507758078e-05
1.3248573074472297e-05
1.4981088161414531e-06
-1.0116617624292017e-05
-2.1278497835693614e-05
-3.149740780419721e-05
-4.051541302696792e-05
-4.792844556144871e-05
-5.358657551282051e-05
-5.721311550962537e-05
-5.879837712915267e-05
-5.821512800587539e-05
-5.560541165557941e-05
-5.0992438677538714e-05
-4.466027563987101e-05
-3.6761745294678175e-05
-2.7692365505983656e-05
-1.769730632413398e-05
-7.238540575672516e-06
3.397488976345052e-06
1.3735032579852576e-05
2.3501214960262404e-05
3.2260858828124604e-05
3.980585892304372e-05
4.578882429896735e-05
5.0107431451438554e-05
5.25356581970744e-05
5.3102008669351885e-05
5.171753187096189e-05
4.8547450230484426e-05
4.363595759866209e-05
3.727145362374331e-05
2.960867896995051e-05
2.1028568766022597e-05
1.1758892138436866e-05
2.2300498308425004e-06
-7.304097568474068e-06
-1.6412690336166718e-05
-2.4865093495254917e-05
-3.2277814912252075e-05
-3.848811136226051e-05
-4.319996288757066e-05
-4.6352705899917064e-05
-4.776473116877236e-05
-4.7496043439019696e-05
-4.548915109082677e-05
-4.192586540526074e-05
-3.68657788466589e-05
-3.0596526445124476e-05
-2.3269751136089204e-05
-1.5248833585633842e-05
-6.741915015473026e-06
1.8535571170772842e-06
1.0315783660779239e-05
1.8257494552444557e-05
2.5487603540164147e-05
3.167076582754865e-05
3.6685164770058815e-05
4.028103701534163e-05
4.2433495231517204e-05
4.2999130099747415e-05
4.20632150018736e-05
3.959396035461774e-05
3.578409516820609e-05
3.070297365584941e-05
2.4632919764287994e-05
1.7719990574524348e-05
1.0306079369699123e-05
2.579371894766527e-06
-5.096500729880831e-06
-1.2530830886423322e-05
-1.9378191356718316e-05
-2.5484149271905714e-05
-3.055771153280441e-05
-3.451325553999859e-05
-3.714211342277676e-05
-3.844974188672383e-05
-3.8325438748183946e-05
-3.6873939222142054e-05
-3.408340980643814e-05
-3.0152585603990743e-05
-2.5156835324696604e-05
-1.9368729819933757e-05
-1.2926234944175666e-05
-6.148135209566566e-06
7.984690283209083e-07
7.583309538980022e-06
1.4045454694127283e-05
1.9878967041772192e-05
2.496281045927173e-05
2.9046530527810074e-05
3.2076296610490715e-05
3.387966955560755e-05
3.448704262676177e-05
3.381499187346499e-05
3.1982732359846995e-05
2.8994028162457772e-05
2.5048870836190317e-05
2.0224233258064026e-05
1.478156148907592e-05
8.847225182324253e-06
2.716658686670273e-06
-3.4645261701953236e-06
-9.398578576750785e-06
-1.4952664535301948e-05
-1.9857902516376242e-05
-2.4023362495000204e-05
-2.723511813193582e-05
-2.9466508070466465e-05
-3.057663273765168e-05
-3.0616186090072604e-05
-2.952440957894658e-05
-2.7429969389856494e-05
-2.4347748342654397e-05
-2.0476292396962384e-05
-1.5890585073479802e-05
-1.0838578544615009e-05
-5.434074172219826e-06
5.181684364396456e-08
5.494484474822883e-06
1.0627548192440923e-05
1.5344117374014714e-05
1.940950249242174e-05
2.2759412394045145e-05
2.521273530012579e-05
2.6765906727683986e-05
2.7305150716607885e-05
2.6896635628400078e-05
2.549785538274322e-05
2.324350445630519e-05
2.0156210708808652e-05
1.642836406483691e-05
1.2132610590537182e-05
7.500330866923057e-06
2.6326088122067787e-06
-2.223925999922595e-06
-6.96476116783111e-06
-1.1353375385310768e-05
-1.530662318975148e-05
-1.862130989533346e-05
-2.1256376839075127e-05
-2.3059588115096008e-05
-2.4046228297802707e-05
-2.4125720274100925e-05
-2.3376093717936275e-05
-2.176914754970106e-05
-1.9441137311450783e-05
-1.6420605546396773e-05
-1.2891056906424726e-05
-8.920624483821165e-06
-4.723514146325978e-06
-3.8745902361799726e-07
3.8650096529497985e-06
7.948392958949467e-06
1.1654234752049868e-05
1.4920553577326768e-05
1.7572593895695623e-05
1.958919093672417e-05
2.084367318570533e-05
2.1366648587017334e-05
2.10867778547075e-05
2.0089735975119868e-05
1.835874682087689e-05
1.6029899608411875e-05
1.3132677366223915e-05
9.84189667077726e-06
6.2187635932190055e-06
2.460053924328037e-06
-1.3597497301379534e-06
-5.041382249355884e-06
-8.516865761720479e-06
-1.1603883805891777e-05
-1.4259285647243723e-05
-1.6334066700157753e-05
-1.7823656808151367e-05
-1.8623241315843648e-05
-1.8775090024103717e-05
-1.8224325430038508e-05
-1.7061610439322786e-05
-1.5277186529507677e-05
-1.3005444752914058e-05
-1.027514237864653e-05
-7.250319620176667e-06
-3.984982588064692e-06
-6.580719955296852e-07
2.6687487432886378e-06
5.818580350125422e-06
8.73942435457513e-06
1.1272981972641687e-05
1.3392184639343713e-05
1.4970801180979408e-05
1.601792679000586e-05
1.644797966362581e-05
1.631193284433483e-05
1.5567545952239714e-05
1.4307203153183643e-05
1.2528501198751165e-05
1.0358929043685099e-05
7.827004352863044e-06
5.084160667089017e-06
2.1769596190015855e-06
-7.333614246579966e-07
-3.5971206605150357e-06
-6.258440741248299e-06
-8.679467890030058e-06
-1.0723922854499098e-05
-1.23786331250126e-05
-1.3537676636104378e-05
-1.4220692865543164e-05
-1.4357851017995526e-05
-1.4006182414910897e-05
-1.3135112898211942e-05
-1.1834500901668136e-05
-1.0107688160476076e-05
-8.07447836058866e-06
-5.761339585657981e-06
-3.3069009819633e-06
-7.501763423377662e-07
1.7648959255881792e-06
4.199756715768026e-06
6.418340748542888e-06
8.395205801077201e-06
1.001384194001357e-05
1.1272224189504177e-05
1.2082013608784398e-05
1.2471197151380446e-05
1.238400464908655e-05
1.1880563252897785e-05
1.0937407732122576e-05
9.644189069788532e-06
8.005004728026492e-06
6.13232464081734e-06
4.049368985723536e-06
1.8816671520335721e-06
-3.3912375656247197e-07
-2.4856705688530665e-06
-4.5292785343803875e-06
-6.352025317740097e-06
-7.938957836259995e-06
-9.191521158358131e-06
-1.0117047294104612e-05
-1.0642629576770072e-05
-1.0801346927120224e-05
-1.054819119799078e-05
-9.947031202688616e-06
-8.978025052554135e-06
-7.728449041493958e-06
-6.20314503019842e-06
-4.505732283750167e-06
-2.656081686473096e-06
-7.666739519728866e-07
1.1376773338825761e-06
2.9454547564376134e-06
4.636760470924515e-06
6.110533551380128e-06
7.3605631948360855e-06
8.303968621768194e-06
8.95469499435457e-06
9.253006337029552e-06
9.236299280404201e-06
8.869599048796909e-06
8.213614216384558e-06
7.256206934001323e-06
6.07786924099888e-06
4.68433707445015e-06
3.1696163194744254e-06
1.5500366126770055e-06
-7.483664145787957e-08
-1.6864321415036141e-06
-3.1880354450793555e-06
-4.567014475134623e-06
-5.737348610435756e-06
-6.699765042377018e-06
-7.385743337947855e-06
-7.814823661986523e-06
-7.938296107209074e-06
-7.79281415261907e-06
-7.355381602152202e-06
-6.681426195323737e-06
-5.7637150860275195e-06
-4.676301628441019e-06
-3.424733329944857e-06
-2.0932707490259243e-06
-6.949065214978162e-07
6.831832384542803e-07
2.0278283115831942e-06
3.2561667175397126e-06
4.361806051089551e-06
5.272637920746426e-06
5.9947047722437e-06
6.471387717030048e-06
6.724811670440406e-06
6.716247749646798e-06
6.485067578717751e-06
6.0103538020818225e-06
5.347335723098663e-06
4.490318505861555e-06
3.5067740285634343e-06
2.4016714948416208e-06
1.2494004061034226e-06
5.97770225941648e-08
-1.0919869663153337e-06
-2.1973353172968793e-06
-3.186057679906064e-06
-4.056276872539011e-06
-4.747859560229393e-06
-5.27064646150101e-06
-5.579868165998712e-06
-5.700913334869205e-06
-5.597298720673463e-06
-5.313312026944089e-06
-4.83014012165614e-06
-4.199441335564057e-06
-3.4174871852111123e-06
-2.544433223544225e-06
-1.5845761097185485e-06
-6.026431231393764e-07
3.941594463487303e-07
1.3417625909172114e-06
2.2352284166208425e-06
3.0161082112067832e-06
3.6863320487895346e-06
4.1971010733198345e-06
4.560570474392006e-06
4.740189683294688e-06
4.760030691397864e-06
4.596573165091632e-06
4.285732685982198e-06
3.816032412271329e-06
3.233361657057579e-06
2.5356960239798327e-06
1.775660536397706e-06
9.568835256426235e-07
1.345640446455823e-07
-6.863779959517462e-07
-1.4525490546184775e-06
-2.161841155315412e-06
-2.7662555145987895e-06
-3.2694554601341226e-06
-3.6314876951768285e-06
-3.865918104205926e-06
-3.951580452156533e-06
-3.899836566039048e-06
-3.7009796860704253e-06
-3.385175662186396e-06
-2.944749429627163e-06
-2.4199661580990554e-06
-1.8100500991543387e-06
-1.159961674946151e-06
-4.7285968483367363e-07
2.0509223748281305e-07
8.704271392923615e-07
1.479367938638848e-06
2.0315559282501783e-06
2.488768778724723e-06
2.856524657982787e-06
3.1044393006940572e-06
3.24568317282817e-06
3.2588634458182894e-06
3.1652914021871358e-06
2.9524757221283466e-06
2.6491844584266858e-06
2.2505204229887382e-06
1.7908973486116126e-06
1.2707837704575146e-06
7.276191747994294e-07
1.6435185999841402e-07
-3.8159059019117194e-07
-9.078864559689679e-07
-1.3800813867798041e-06
-1.7989933152543266e-06
-2.1347031528030297e-06
-2.390747570897974e-06
-2.537544699315168e-06
-2.6108791483120355e-06
-2.5724391240535585e-06
-2.4505301898831625e-06
-2.235535078853003e-06
-1.9517027689253926e-06
-1.5967559879712944e-06
-1.1989330020363726e-06
-7.598251235073615e-07
-3.0945441504071553e-07
1.4905221443896973e-07
5.863065219032421e-07
1.0000443736124386e-06
1.3637737454256698e-06
1.6781860269851199e-06
1.9215139251329843e-06
2.098883342826637e-06
2.1943977184288296e-06
2.218368809356184e-06
2.161048716243091e-06
2.0378131930548328e-06
1.8445825712647654e-06
1.600904450444441e-06
1.3071257418976123e-06
9.854695211659355e-07
6.389619965574324e-07
2.905623602732521e-07
-5.607955048759364e-08
-3.79459649461213e-07
-6.776220287591802e-07
-9.329849159105955e-07
-1.1480518535130383e-06
-1.3123877381055006e-06
-1.3696027111904615e-06
-1.4083988749271227e-06
-1.3768105696663593e-06
-1.2825298164493734e-06
-1.136970928403365e-06
-9.393889991133329e-07
-7.039928819645777e-07
-4.3321275697284475e-07
-1.4282278330187395e-07
1.6295799584858067e-07
4.6824130397943127e-07
7.68510648307369e-07
1.0492517301272255e-06
1.307040661668144e-06
1.5300149613716674e-06
1.716967659961829e-06
1.8595758795792554e-06
1.9595229451118614e-06
2.0124835307734465e-06
2.0231840050956252e-06
1.9911709313774372e-06
1.923887325508952e-06
1.8241864841414864e-06
1.701429982807256e-06
1.5608362968513705e-06
1.4126137350896466e-06
1.2631713529666246e-06
1.1223752524232402e-06
9.966379444405547e-07
8.943323062792372e-07
8.20835835070115e-07
7.821001350073494e-07
-1.5044802355383035e-05
