  -0.0000031441349395510067
  -2.523234759683689E-7
  -2.61943832328616E-7
  -2.719620454321297E-7
  -2.81641668294283E-7
  -2.9170266189609893E-7
  -3.0139777441271126E-7
  -3.1145696097370254E-7
  -3.2110729213919146E-7
  -3.3109924636302954E-7
  -3.4062419251125347E-7
  -3.5045349721280427E-7
  -3.597372008277848E-7
  -3.6928507252077477E-7
  -3.7819546618493837E-7
  -3.87337736901556E-7
  -3.957565844718313E-7
  -4.044129424305577E-7
  -4.122898302555988E-7
  -4.2047930072128547E-7
  -4.278746020956564E-7
  -4.3573462454516246E-7
  -4.4278636471206905E-7
  -4.5047183678763733E-7
  -4.571963008325012E-7
  -4.645995764334329E-7
  -4.7048083115423116E-7
  -4.7683222125785237E-7
  -4.80494485399167E-7
  -4.848111957407669E-7
  -4.854866398822504E-7
  -4.951102714865722E-7
  -4.974273250475747E-7
  -4.978232812085523E-7
  -5.016312787822383E-7
  -5.02159417929317E-7
  -5.038664548104517E-7
  -5.035533206856726E-7
  -5.036966337473238E-7
  -5.021804643252212E-7
  -5.007590789529319E-7
  -4.978396681314972E-7
  -4.947947046008972E-7
  -4.903434520381071E-7
  -4.856371521193799E-7
  -4.795971008440196E-7
  -4.7322401582524287E-7
  -4.65563455819262E-7
  -4.574958191761461E-7
  -4.481236549660994E-7
  -4.3822823844997364E-7
  -4.2693350877438674E-7
  -4.1497583065205077E-7
  -4.0152091629525816E-7
  -3.8735912915506877E-7
  -3.7173960254753994E-7
  -3.55577693453059E-7
  -3.3808105730901677E-7
  -3.201373823320398E-7
  -3.005003879147548E-7
  -2.799391065476891E-7
  -2.5684984493728615E-7
  -2.342680460359044E-7
  -2.108799114381915E-7
  -1.8433966250670886E-7
  -1.5816632377616286E-7
  -1.299111956652906E-7
  -1.0082628394325566E-7
  -7.016889298584478E-8
  -3.8446809831114097E-8
  -5.274590669446347E-9
  2.9050256401775107E-8
  6.476366519714272E-8
  1.016833960424078E-7
  1.3997884974194614E-7
  1.7953872828877775E-7
  2.2049086989176792E-7
  2.627613117111054E-7
  3.06431314711777E-7
  3.5142596988923716E-7
  3.9777675749630286E-7
  4.454023826985991E-7
  4.943193000680645E-7
  5.444832934573891E-7
  5.959494719428147E-7
  6.487333341136844E-7
  7.028910345950076E-7
  7.583759516439859E-7
  8.151121252551844E-7
  8.729522753310445E-7
  9.318739231360833E-7
  9.920537067919783E-7
  0.000001053802500643325
  0.000001116878049853738
  0.0000011800277111114888
  0.0000012454235072533139
  0.0000013113480275642435
  0.0000013784527608716447
  0.0000014465782279731017
  0.0000015156856379984181
  0.0000015857735654483765
  0.0000016567904317074052
  0.0000017287352370995908
  0.0000018015395845500963
  0.000001875188908278855
  0.000001949599398948814
  0.0000020247462051816035
  0.000002100539016369795
  0.00000217696466191619
  0.0000022539447515866228
  0.000002331482415969177
  0.0000024094974568012555
  0.00000248798050159607
  0.0000025668109073645
  0.0000026459526600316294
  0.00000272526181990648
  0.0000028047473619644696
  0.0000028843151636096495
  0.0000029640329998732553
  0.000003043743110004454
  0.000003123407753830674
  0.000003202698815047493
  0.00000328172092099061
  0.000003360422515858371
  0.000003439151183067843
  0.0000035167404998099733
  0.0000035940815518797946
  0.000003670870048710267
  0.000003746693250343621
  0.000003821904896361705
  0.000003896054035711761
  0.000003969311871592903
  0.000004041366155334472
  0.0000041123090722357745
  0.000004181888605550202
  0.000004250160620164789
  0.000004316905651792328
  0.000004382150160188144
  0.000004445677375496116
  0.000004507484982817852
  0.000004567361235618723
  0.000004625299582497747
  0.0000046811133160741175
  0.000004734810654768899
  0.000004786210560325582
  0.000004835297326591667
  0.000004881843052169709
  0.000004925803076671313
  0.000004966966841037648
  0.000005005366925277251
  0.0000050408467916872
  0.000005073427483236334
  0.000005102791375204085
  0.000005128890026950633
  0.000005151547629877996
  0.000005171073597551872
  0.000005186846261505759
  0.000005198819462698696
  0.000005207318031166552
  0.000005211677427411443
  0.000005212217770166094
  0.000005208584687016116
  0.000005200833738738299
  0.000005188748970713671
  0.000005172311790398319
  0.000005151349631758496
  0.000005125816346505442
  0.0000050955722416983045
  0.000005060569290598214
  0.0000050206867873137635
  0.000004975864013880649
  0.0000049259776151226255
  0.000004870947616293384
  0.000004810653584448032
  0.0000047450322126871265
  0.000004673999731271189
  0.000004597520092899562
  0.000004515507194074236
  0.000004427883317895867
  0.00000433452977711772
  0.0000042353824328133184
  0.00000413039529065962
  0.0000040195695554749324
  0.000003902815490097137
  0.000003779994792624716
  0.0000036510316542977703
  0.0000035160600333868377
  0.000003375039880532991
  0.00000322755188413165
  0.0000030740894080926515
  0.000002914224657117975
  0.000002748104094792984
  0.0000025756637882597546
  0.0000023968826363855702
  0.000002211764503552105
  0.000002020282936219821
  0.0000018224507610896471
  0.000001618238560749582
  0.0000014076636535960031
  0.0000011907116646554363
  9.674222504833463E-7
  7.378045600973214E-7
  5.019162750017476E-7
  2.597692295489507E-7
  1.140995185790546E-8
  -2.4315664609448396E-7
  -5.038698863928925E-7
  -7.706880171897471E-7
  -0.0000010435065260367881
  -0.0000013222793495203177
  -0.000001606924364279461
  -0.0000018974238460883571
  -0.0000021936623285175723
  -0.0000024955445054769897
  -0.000002802896886407995
  -0.000003115724844827413
  -0.0000034339308346639215
  -0.000003757394922899716
  -0.000004085773759393463
  -0.000004419320100033177
  -0.00000475760729465981
  -0.000005100563856561253
  -0.000005448136657145907
  -0.0000058000436204839995
  -0.000006156241315406344
  -0.000006516473666487556
  -0.000006880634059556969
  -0.000007248473731069383
  -0.000007619853651721788
  -0.0000079945374958101
  -0.00000837237231835363
  -0.000008753123693097712
  -0.000009136615322414583
  -0.000009522591290413194
  -0.000009910842412817441
  -0.000010301104182778387
  -0.000010693169334296101
  -0.000011086782591377844
  -0.00001148172597059089
  -0.000011877704706574917
  -0.000012274464031817812
  -0.000012671701895991654
  -0.000013069192152926923
  -0.000013466648371489617
  -0.00001386380264005149
  -0.000014260275339032372
  -0.000014655811774451373
  -0.00001505013799984632
  -0.000015443005264206535
  -0.000015833904260465235
  -0.000016222689091546758
  -0.000016609045597465182
  -0.000016992463328404695
  -0.000017372824563733616
  -0.000017749618157174424
  -0.00001812261918509792
  -0.000018491411052194032
  -0.000018855705577831738
  -0.000019215104565819543
  -0.000019569281616730575
  -0.00001991784178680545
  -0.000020260444453001566
  -0.000020596705143230906
  -0.000020926283486742093
  -0.000021248796807362388
  -0.000021563883886345222
  -0.000021871144357896494
  -0.000022170209041744146
  -0.000022460690025598074
  -0.00002274223665368326
  -0.00002301445799146124
  -0.000023276975929939386
  -0.000023529379211246166
  -0.000023771301525723636
  -0.00002400237618580671
  -0.000024222253019227765
  -0.00002443050461646999
  -0.000024626727659719874
  -0.000024810572777519785
  -0.00002498172246178884
  -0.000025139710954206122
  -0.0000252841442013526
  -0.000025414830938435217
  -0.000025531183413135266
  -0.000025632997619074885
  -0.000025719835161111104
  -0.000025791352873228275
  -0.000025847203383630306
  -0.000025887029813133002
  -0.000025910510305242518
  -0.000025917290297202058
  -0.000025907053463024045
  -0.00002587944795063202
  -0.000025834165593529913
  -0.000025770874930849002
  -0.000025689294154335524
  -0.00002558911089844875
  -0.000025470046697855142
  -0.000025331791558848807
  -0.000025174079110203173
  -0.00002499663330172485
  -0.000024799223044128717
  -0.000024581580709858852
  -0.00002434346865211848
  -0.000024084619190099227
  -0.00002380484175505891
  -0.00002350393410032641
  -0.00002318171996452749
  -0.000022837943503817045
  -0.000022472462725364042
  -0.000022085133344282833
  -0.000021675820785927755
  -0.00002124424725377391
  -0.00002079047878788144
  -0.00002031426718268709
  -0.000019815550754019396
  -0.000019294278385675933
  -0.000018750318055502303
  -0.000018183656629290297
  -0.000017594207169630956
  -0.000016981975379195305
  -0.000016346924452500325
  -0.00001568908275666965
  -0.000015008450172469656
  -0.000014305070337289478
  -0.000013578975064039967
  -0.000012830242627589953
  -0.000012058953450157422
  -0.000011265218083320355
  -0.00001044914287447599
  -0.00000961085704076389
  -0.000008750503893451039
  -0.00000786827010056124
  -0.000006964347870267306
  -0.000006038949997347184
  -0.000005092274355719306
  -0.000004124560637699448
  -0.0000031360793366293424
  -0.0000021271403065877217
  -0.0000010980028372156969
  -4.897717915456158E-8
  0.000001019577040063657
  0.0000021072592179054366
  0.000003213804720895675
  0.000004338748515398511
  0.000005481657650517782
  0.0000066421979030264954
  0.000007819796063702307
  0.000009014074969693914
  0.00001022447692041174
  0.000011450545915431664
  0.000012691718297265124
  0.000013947478285379147
  0.00001521723200159907
  0.00001650041110359253
  0.000017796393530619645
  0.00001910457790400604
  0.00002042431181746883
  0.000021754944935571944
  0.000023095778765268077
  0.000024446124414693987
  0.000025805260871419333
  0.000027172479406447693
  0.000028547016563920906
  0.000029928108339016173
  0.0000313149454185944
  0.000032706744223990324
  0.000034102691481840916
  0.000035501963398442996
  0.0000369036726791398
  0.00003830697165939753
  0.00003971100009360757
  0.000041114859321120256
  0.00004251758043058772
  0.00004391828910304979
  0.000045316067466798706
  0.00004670986878989545
  0.0000480988458477696
  0.00004948193861585842
  0.0000508581914448921
  0.00005222659324557023
  0.00005358612453070604
  0.00005493577614480395
  0.00005627450174075216
  0.000057601276301983774
  0.00005891502622236351
  0.00006021470497270264
  0.00006149922864287688
  0.00006276754576963178
  0.00006401856117902624
  0.00006525119975478518
  0.00006646434493882656
  0.00006765690978251498
  0.00006882778729970473
  0.00006997589470305075
  0.00007110011046538825
  0.00007219933004931509
  0.00007327242039699722
  0.00007431829860360465
  0.0000753358466157952
  0.00007632395338994708
  0.00007728147790438677
  0.00007820736351571981
  0.00007910049986626798
  0.00007995977568760434
  0.00008078406811416518
  0.00008157238061233737
  0.00008232351515961041
  0.00008303648022562983
  0.00008371018798990466
  0.00008434356753314594
  0.00008493559639110877
  0.00008548521113357797
  0.0000859914068648563
  0.00008645315603583129
  0.00008686947591575933
  0.00008723937068301447
  0.000087561871674282
  0.0000878360151755311
  0.00008806086871141019
  0.00008823551701835869
  0.00008835906105866553
  0.00008843061551525254
  0.00008844930550671435
  0.00008841429007569401
  0.00008832475248038682
  0.00008817990165127881
  0.00008797895960507462
  0.00008772116662509908
  0.00008740580142176595
  0.00008703218175520726
  0.00008659963159255328
  0.00008610748069606067
  0.00008555512468418857
  0.00008494199978517992
  0.00008426753784785497
  0.00008353118032254068
  0.00008273249490899223
  0.00008187098290704003
  0.00008094619355303117
  0.00007995780032228164
  0.00007890537071601152
  0.00007778864499644043
  0.0000766072862729965
  0.00007536107963489734
  0.00007404978213774827
  0.00007267324785775384
  0.00007123132569408341
  0.00006972393589217221
  0.00006815100184273563
  0.00006651251813170088
  0.00006480850177882462
  0.00006303903871569586
  0.00006120423364666269
  0.000059304247600973816
  0.00005733926181569176
  0.00005530953268389656
  0.00005321533879236503
  0.000051057027805120507
  0.000048834954623607906
  0.0000465495483737775
  0.00004420127972201012
  0.00004179068732913825
  0.000039318301836066034
  0.00003678473515492552
  0.00003419065506633694
  0.00003153678016497704
  0.000028823819301837543
  0.000026052608110287427
  0.000023224008705496563
  0.000020338857440024097
  0.00001739816631826133
  0.000014402884379589044
  0.000011354074479540502
  0.000008252825407048586
  0.0000051002657329385065
  0.000001897590649627236
  -0.000001353980445027877
  -0.0000046531424119176875
  -0.000007998576774269015
  -0.000011388887921867297
  -0.000014822671700453474
  -0.000018298440343348976
  -0.00002181468793127005
  -0.00002536982659138646
  -0.000028962256004025753
  -0.000032590308726189224
  -0.000036252293442214536
  -0.00003994644489360866
  -0.00004367097522254593
  -0.00004742403564389743
  -0.000051203771579503364
  -0.00005500824088153001
  -0.00005883547463553991
  -0.0000626834543299316
  -0.00006655016581349515
  -0.00007043349099005086
  -0.00007433130537475607
  -0.00007824144671729777
  -0.00008216173835194164
  -0.00008608987107162528
  -0.00009002364973664123
  -0.00009396071172426214
  -0.00009789873177475379
  -0.00010183533524211081
  -0.00010576809818400432
  -0.0001096945925654196
  -0.00011361234222806134
  -0.00011751886395697799
  -0.0001214116279929979
  -0.00012528808431670196
  -0.00012914565380032456
  -0.00013298174006640595
  -0.0001367937293361691
  -0.00014057898000685316
  -0.00014433483598453933
  -0.0001480586103200983
  -0.00015174762048524962
  -0.00015539915495917287
  -0.00015901049893387757
  -0.000162578907122152
  -0.00016610163531178909
  -0.00016957593703146798
  -0.00017299906568391026
  -0.0001763682394570381
  -0.00017968068648409292
  -0.00018293365007814743
  -0.0001861243630303267
  -0.00018925003451118505
  -0.00019230790731080324
  -0.00019529524187154263
  -0.00019820924237914375
  -0.00020104717779833512
  -0.00020380633445215174
  -0.00020648394163128313
  -0.00020907734284843338
  -0.00021158379433236575
  -0.00021400065158174477
  -0.0002163252236242207
  -0.0002185549020014311
  -0.00022068705546282653
  -0.00022271911239604854
  -0.00022464849263363615
  -0.00022647267476007596
  -0.00022818914639142083
  -0.00022979545090515588
  -0.00023128914396835156
  -0.00023266783248296143
  -0.00023392914671817647
  -0.0002350707835000869
  -0.00023609045824565575
  -0.00023698595110719102
  -0.00023775505415353805
  -0.00023839564478996404
  -0.00023890563605141955
  -0.0002392830018403102
  -0.00023952573492951206
  -0.00023963193133657272
  -0.00023959972266590057
  -0.00023942729885704467
  -0.0002391128972477746
  -0.00023865487304910212
  -0.00023805158202563887
  -0.0002373014614015977
  -0.00023640306554863016
  -0.00023535494322605082
  -0.0002341557846612755
  -0.00023280431674141023
  -0.00023129934594209707
  -0.00022963976365247723
  -0.00022782452250621872
  -0.00022585268676414226
  -0.00022372336985352213
  -0.0002214357997513524
  -0.00021898925374084466
  -0.00021638313290490456
  -0.0002136168938465039
  -0.00021069011607056834
  -0.00020760243297639802
  -0.00020435359689922297
  -0.00020094343343347935
  -0.00019737188847746115
  -0.00019363898131943266
  -0.00018974484075314974
  -0.00018568966885476712
  -0.00018147380928209772
  -0.00017709767468587458
  -0.00017256178748696987
  -0.00016786675447133103
  -0.00016301332999923567
  -0.00015800232112581528
  -0.00015283466365956846
  -0.00014751139718543915
  -0.0001420336937848862
  -0.00013640274848320842
  -0.0001306199732690769
  -0.0001246867903917096
  -0.00011860478760020018
  -0.00011237564597727176
  -0.000106001150178999
  -0.00009948319941095851
  -0.00009282379034385422
  -0.00008602504072710634
  -0.00007908917196933011
  -0.0000720185146869791
  -0.00006481550660608496
  -0.000057482689743760645
  -0.00005002272456120493
  -0.000042438370713417526
  -0.00003473250817998691
  -0.000026908099992124163
  -0.000018968238430185377
  -0.000010916104142854407
  -0.000002755006745179296
  0.000005511662544495097
  0.000013880403508722862
  0.000022347614548319447
  0.00003090956954097453
  0.00003956247162412036
  0.000048302413996017216
  0.000057125383749737526
  0.00006602726765883841
  0.00007500388676900306
  0.00008405093685656896
  0.00009316400939304752
  0.0001023386444467586
  0.00011157026382110589
  0.00012085418787561309
  0.00013018570837162433
  0.0001395599502708042
  0.00014897203094652226
  0.00015841692095170672
  0.00016788957176448025
  0.00017738480650660848
  0.00018689741181366964
  0.0001964220661801894
  0.0002059534096668361
  0.00021548598972834427
  0.00022501430940087913
  0.0002345327853096611
  0.0002440357880676181
  0.0002535176183662922
  0.0002629725401318756
  0.00027239474232478115
  0.00028177838156462793
  0.00029111753936661785
  0.000300406292460173
  0.00030963864799226634
  0.00031880858466620744
  0.0003279100278259568
  0.0003369369073628882
  0.00034588308256722927
  0.0003547424057678341
  0.0003635087051788825
  0.0003721758114373685
  0.00038073748547370315
  0.0003891875252786402
  0.0003975197054481045
  0.0004057277660532746
  0.0004138054962280453
  0.0004217466450350764
  0.0004295449823617276
  0.00043719428670248225
  0.00044468833907386224
  0.00045202095866601097
  0.0004591859538193778
  0.00046617718607021606
  0.00047298851064317085
  0.000479613851226634
  0.00048604713208336587
  0.000492282350406234
  0.0004983135076285687
  0.000504134684715383
  0.0005097399894032718
  0.0005151236078697446
  0.0005202797606730019
  0.0005252027425528717
  0.0005298869006013341
  0.0005343266844550004
  0.0005385165800826897
  0.0005424511745155514
  0.0005461251265526414
  0.0005495332006925319
  0.0005526702069345824
  0.0005555310926474411
  0.0005581108866789437
  0.0005604047256880831
  0.0005624078205717509
  0.0005641155594788153
  0.0005655233549174786
  0.0005666268136807304
  0.0005674216194096524
  0.000567903596345363
  0.0005680686903413081
  0.000567912979940789
  0.0005674326851893764
  0.0005666241620275685
  0.0005654839079910812
  0.0005640085674686658
  0.0005621949308451273
  0.0005600399514517077
  0.0005575407291376701
  0.0005546945353771541
  0.0005514987830378727
  0.0005479510786733269
  0.0005440491755642232
  0.0005397910271562352
  0.0005351747310423214
  0.0005301985817512994
  0.0005248610503572327
  0.000519160804022272
  0.0005130966701195603
  0.0005066676963487641
  0.0004998731125377876
  0.0004927123403136313
  0.00048518498539463757
  0.00047729088753981384
  0.00046903006396732417
  0.0004604027319003917
  0.00045140933937233064
  0.00044205052821557435
  0.0004323271318904832
  0.0004222402499234988
  0.00041179113128202995
  0.000400981301056875
  0.00038981244336197226
  0.0003782865147532361
  0.0003664056486954346
  0.00035417223740675727
  0.0003415888612775635
  0.0003286583519590448
  0.0003153837428456757
  0.0003017683155174047
  0.00028781555975376994
  0.0002735292014926888
  0.000258913180263592
  0.00024397168060881825
  0.00022870910049042892
  0.00021313008620716843
  0.0001972394766114934
  0.0001810423745978493
  0.00016454408695342046
  0.00014775015864023575
  0.0001306663407767926
  0.00011329865006207806
  0.00009565329118166674
  0.00007773670737472069
  0.000059555557543462
  0.00004111674978308564
  0.00002242736559145548
  0.0000034947494238844138
  -0.00001567355173028906
  -0.00003506979404556783
  -0.00005468598607173225
  -0.00007451394440583024
  -0.00009454526909137133
  -0.00011477134875278605
  -0.0001351833798641061
  -0.00015577233057845059
  -0.00017652899565096558
  -0.00019744394036919183
  -0.000218507569880654
  -0.00023971006038916114
  -0.0002610414322341562
  -0.00028249147927610963
  -0.0003040498501030175
  -0.0003257059839996574
  -0.0003474491705238071
  -0.00036926850047853634
  -0.0003911529099765212
  -0.00041309116035239215
  -0.0004350718687229064
  -0.00045708346150908713
  -0.00047911424701002094
  -0.0005011523657782634
  -0.0005231858225136945
  -0.000545202457157481
  -0.0005671900164620803
  -0.0005891360811441168
  -0.0006110281205992275
  -0.0006328534724850303
  -0.0006545993881840606
  -0.0006762529484350872
  -0.0006978012036467978
  -0.0007192310427591042
  -0.000740529294844828
  -0.0007616826795839318
  -0.0007826778444751592
  -0.0008035013554619553
  -0.0008241397059462312
  -0.0008445793203129752
  -0.0008648065648099098
  -0.000884807748307935
  -0.0009045691397272177
  -0.0009240769557544473
  -0.0009433173860080664
  -0.0009622765715625679
  -0.000980940655545394
  -0.0009992957378926312
  -0.0010173279380629144
  -0.001035023335424197
  -0.0010523680430794794
  -0.0010693481660491323
  -0.0010859498317874437
  -0.0011021591737662775
  -0.001117962386658069
  -0.0011333456716253474
  -0.001148295281208086
  -0.0011627975139085166
  -0.0011768387445169788
  -0.0011904053780902792
  -0.001203483913239603
  -0.0012160609241348749
  -0.001228123053067252
  -0.0012396570378320033
  -0.0012506497390370828
  -0.0012610880740493138
  -0.0012709591240876435
  -0.0012802500356558946
  -0.0012889481332953754
  -0.0012970408264759673
  -0.001304515703077754
  -0.0013113604591539032
  -0.001317562974269797
  -0.0013231112622019388
  -0.0013279935276893733
  -0.0013321981281967533
  -0.0013357136118367632
  -0.00133852870213535
  -0.0013406323270439614
  -0.0013420136029528365
  -0.0013426618648354892
  -0.001342566635057105
  -0.001341717691553881
  -0.0013401050010496897
  -0.0013377187807978004
  -0.0013345494740246806
  -0.0013305877918165635
  -0.0013258246541289571
  -0.001320251267675558
  -0.0013138590858325961
  -0.0013066398411275214
  -0.001298585510652901
  -0.0012896883933963825
  -0.0012799410307899716
  -0.0012693362666580618
  -0.0012578672514030802
  -0.0012455274167325965
  -0.0012323105064186678
  -0.0012182105724299203
  -0.0012032219736651023
  -0.0011873394056286127
  -0.0011705578630708364
  -0.0011528726955433324
  -0.0011342795504294884
  -0.001114774445691838
  -0.0010943537045521926
  -0.001073014033784527
  -0.0010507524466895168
  -0.0010275663438334666
  -0.0010034534482953894
  -0.0009784118701806385
  -0.0009524400594666271
  -0.0009255368400765407
  -0.000897701395967424
  -0.0008689332998650032
  -0.000839232461885169
  -0.0008085991989157151
  -0.0007770341907804875
  -0.0007445385068087794
  -0.0007111135697289759
  -0.0006767612228011813
  -0.0006414836625227571
  -0.0006052834860041834
  -0.0005681636658553852
  -0.0005301275915430444
  -0.0004911789854988726
  -0.0004513220230148912
  -0.0004105612206811042
  -0.00036890151636598636
  -0.00032634821554393493
  -0.0002829070264064374
  -0.00023858404123692795
  -0.00019338574714275906
  -0.00014731901669958372
  -0.00010039111389905914
  -0.00005260968255647355
  -0.000003982760443294267
  0.000045481237831230554
  0.00009577350109394747
  0.00014688485774388903
  0.0001988057309795117
  0.0002515261964599064
  0.0003050359169902457
  0.00035932422304378765
  0.0004143800424325385
  0.0004701919508294242
  0.0005267481517216368
  0.0005840365088804123
  0.0006420444926828958
  0.0007007592451576153
  0.0007601675473083655
  0.0008202558420643706
  0.0008810102070336797
  0.0009424164134427633
  0.0010044598733502607
  0.0010671256721825285
  0.0011303985795081111
  0.001194263049046852
  0.0012587031901112797
  0.0013237028430593087
  0.0013892454980605822
  0.0014553143954436196
  0.0015218924353520003
  0.0015889622730710382
  0.0016565062425555816
  0.0017245064363009197
  0.0017929446487771165
  0.001861802438771204
  0.0019310610858684753
  0.0020007016355887207
  0.0020707048808461673
  0.002141051387882029
  0.0022117214881721696
  0.002282695298133708
  0.002353952707774345
  0.002425473428027398
  0.002497236930839603
  0.0025692225316687996
  0.002641409347364563
  0.0027137763326575315
  0.0027863022468799198
  0.0028589657284571754
  0.0029317452359202355
  0.0030046191011493203
  0.0030775655081877688
  0.003150562544019428
  0.0032235881355878724
  0.0032966201393897603
  0.003369636301596511
  0.0034426142724010623
  0.0035155316260635544
  0.003588365862558201
  0.003661094414656802
  0.003733694672721951
  0.0038061439636257926
  0.003878419602417642
  0.003950498847305769
  0.004022358971889782
  0.004093977207514647
  0.004165330824968934
  0.004236397062959194
  0.004307153220898009
  0.004377576588873977
  0.004447644530860941
  0.004517334430246564
  0.004586623745171231
  0.004655489995624874
  0.004723910781582507
  0.0047918637664474475
  0.004859326744070056
  0.004926277585033038
  0.004992694285144971
  0.005058554950177415
  0.005123837844603393
  0.00518852133869206
  0.005252583981797606
  0.005316004468440772
  0.005378761671784373
  0.005440834611464937
  0.0055022025454645055
  0.005562844874938828
  0.005622741245357087
  0.005681871484502431
  0.005740215662552197
  0.005797754065663502
  0.005854467227278198
  0.0059103359215588805
  0.005965341181898261
  0.006019464298382717
  0.006072686839341801
  0.00612499064643357
  0.006176357857251695
  0.00622677088882457
  0.00627621248094777
  0.0063246656555720066
  0.0063721137871791565
  0.006418540531090231
  0.006463929920379536
  0.006508266294000695
  0.006551534348548598
  0.006593719122340513
  0.00663480603864644
  0.006674780850045748
  0.006713629705236157
  0.006751339117651485
  0.0067878959954251385
  0.0068232876121425146
  0.006857501670093193
  0.006890526246508361
  0.006922349826212231
  0.00695296130622897
  0.006982350011227981
  0.007010505656807516
  0.007037418420041217
  0.007063078864244862
  0.00708747802949555
  0.007110607349088007
  0.007132458737991162
  0.007153024518046012
  0.00717229748995495
  0.007190270874739336
  0.0072069383735504896
  0.007222294124321041
  0.007236332737445947
  0.007249049276134547
  0.007260439270547057
  0.007270498714964198
  0.007279224072038976
  0.007286612261757958
  0.0072926607056412315
  0.007297367253294572
  0.007300730257564328
  0.007302748530565943
  0.007303421373209306
  0.007302748530565943
  0.007300730257564328
  0.007297367253294572
  0.0072926607056412315
  0.007286612261757958
  0.007279224072038976
  0.007270498714964198
  0.007260439270547057
  0.007249049276134547
  0.007236332737445947
  0.007222294124321041
  0.0072069383735504896
  0.007190270874739336
  0.00717229748995495
  0.007153024518046012
  0.007132458737991162
  0.007110607349088007
  0.00708747802949555
  0.007063078864244862
  0.007037418420041217
  0.007010505656807516
  0.006982350011227981
  0.00695296130622897
  0.006922349826212231
  0.006890526246508361
  0.006857501670093193
  0.0068232876121425146
  0.0067878959954251385
  0.006751339117651485
  0.006713629705236157
  0.006674780850045748
  0.00663480603864644
  0.006593719122340513
  0.006551534348548598
  0.006508266294000695
  0.006463929920379536
  0.006418540531090231
  0.0063721137871791565
  0.0063246656555720066
  0.00627621248094777
  0.00622677088882457
  0.006176357857251695
  0.00612499064643357
  0.006072686839341801
  0.006019464298382717
  0.005965341181898261
  0.0059103359215588805
  0.005854467227278198
  0.005797754065663502
  0.005740215662552197
  0.005681871484502431
  0.005622741245357087
  0.005562844874938828
  0.0055022025454645055
  0.005440834611464937
  0.005378761671784373
  0.005316004468440772
  0.005252583981797606
  0.00518852133869206
  0.005123837844603393
  0.005058554950177415
  0.004992694285144971
  0.004926277585033038
  0.004859326744070056
  0.0047918637664474475
  0.004723910781582507
  0.004655489995624874
  0.004586623745171231
  0.004517334430246564
  0.004447644530860941
  0.004377576588873977
  0.004307153220898009
  0.004236397062959194
  0.004165330824968934
  0.004093977207514647
  0.004022358971889782
  0.003950498847305769
  0.003878419602417642
  0.0038061439636257926
  0.003733694672721951
  0.003661094414656802
  0.003588365862558201
  0.0035155316260635544
  0.0034426142724010623
  0.003369636301596511
  0.0032966201393897603
  0.0032235881355878724
  0.003150562544019428
  0.0030775655081877688
  0.0030046191011493203
  0.0029317452359202355
  0.0028589657284571754
  0.0027863022468799198
  0.0027137763326575315
  0.002641409347364563
  0.0025692225316687996
  0.002497236930839603
  0.002425473428027398
  0.002353952707774345
  0.002282695298133708
  0.0022117214881721696
  0.002141051387882029
  0.0020707048808461673
  0.0020007016355887207
  0.0019310610858684753
  0.001861802438771204
  0.0017929446487771165
  0.0017245064363009197
  0.0016565062425555816
  0.0015889622730710382
  0.0015218924353520003
  0.0014553143954436196
  0.0013892454980605822
  0.0013237028430593087
  0.0012587031901112797
  0.001194263049046852
  0.0011303985795081111
  0.0010671256721825285
  0.0010044598733502607
  0.0009424164134427633
  0.0008810102070336797
  0.0008202558420643706
  0.0007601675473083655
  0.0007007592451576153
  0.0006420444926828958
  0.0005840365088804123
  0.0005267481517216368
  0.0004701919508294242
  0.0004143800424325385
  0.00035932422304378765
  0.0003050359169902457
  0.0002515261964599064
  0.0001988057309795117
  0.00014688485774388903
  0.00009577350109394747
  0.000045481237831230554
  -0.000003982760443294267
  -0.00005260968255647355
  -0.00010039111389905914
  -0.00014731901669958372
  -0.00019338574714275906
  -0.00023858404123692795
  -0.0002829070264064374
  -0.00032634821554393493
  -0.00036890151636598636
  -0.0004105612206811042
  -0.0004513220230148912
  -0.0004911789854988726
  -0.0005301275915430444
  -0.0005681636658553852
  -0.0006052834860041834
  -0.0006414836625227571
  -0.0006767612228011813
  -0.0007111135697289759
  -0.0007445385068087794
  -0.0007770341907804875
  -0.0008085991989157151
  -0.000839232461885169
  -0.0008689332998650032
  -0.000897701395967424
  -0.0009255368400765407
  -0.0009524400594666271
  -0.0009784118701806385
  -0.0010034534482953894
  -0.0010275663438334666
  -0.0010507524466895168
  -0.001073014033784527
  -0.0010943537045521926
  -0.001114774445691838
  -0.0011342795504294884
  -0.0011528726955433324
  -0.0011705578630708364
  -0.0011873394056286127
  -0.0012032219736651023
  -0.0012182105724299203
  -0.0012323105064186678
  -0.0012455274167325965
  -0.0012578672514030802
  -0.0012693362666580618
  -0.0012799410307899716
  -0.0012896883933963825
  -0.001298585510652901
  -0.0013066398411275214
  -0.0013138590858325961
  -0.001320251267675558
  -0.0013258246541289571
  -0.0013305877918165635
  -0.0013345494740246806
  -0.0013377187807978004
  -0.0013401050010496897
  -0.001341717691553881
  -0.001342566635057105
  -0.0013426618648354892
  -0.0013420136029528365
  -0.0013406323270439614
  -0.00133852870213535
  -0.0013357136118367632
  -0.0013321981281967533
  -0.0013279935276893733
  -0.0013231112622019388
  -0.001317562974269797
  -0.0013113604591539032
  -0.001304515703077754
  -0.0012970408264759673
  -0.0012889481332953754
  -0.0012802500356558946
  -0.0012709591240876435
  -0.0012610880740493138
  -0.0012506497390370828
  -0.0012396570378320033
  -0.001228123053067252
  -0.0012160609241348749
  -0.001203483913239603
  -0.0011904053780902792
  -0.0011768387445169788
  -0.0011627975139085166
  -0.001148295281208086
  -0.0011333456716253474
  -0.001117962386658069
  -0.0011021591737662775
  -0.0010859498317874437
  -0.0010693481660491323
  -0.0010523680430794794
  -0.001035023335424197
  -0.0010173279380629144
  -0.0009992957378926312
  -0.000980940655545394
  -0.0009622765715625679
  -0.0009433173860080664
  -0.0009240769557544473
  -0.0009045691397272177
  -0.000884807748307935
  -0.0008648065648099098
  -0.0008445793203129752
  -0.0008241397059462312
  -0.0008035013554619553
  -0.0007826778444751592
  -0.0007616826795839318
  -0.000740529294844828
  -0.0007192310427591042
  -0.0006978012036467978
  -0.0006762529484350872
  -0.0006545993881840606
  -0.0006328534724850303
  -0.0006110281205992275
  -0.0005891360811441168
  -0.0005671900164620803
  -0.000545202457157481
  -0.0005231858225136945
  -0.0005011523657782634
  -0.00047911424701002094
  -0.00045708346150908713
  -0.0004350718687229064
  -0.00041309116035239215
  -0.0003911529099765212
  -0.00036926850047853634
  -0.0003474491705238071
  -0.0003257059839996574
  -0.0003040498501030175
  -0.00028249147927610963
  -0.0002610414322341562
  -0.00023971006038916114
  -0.000218507569880654
  -0.00019744394036919183
  -0.00017652899565096558
  -0.00015577233057845059
  -0.0001351833798641061
  -0.00011477134875278605
  -0.00009454526909137133
  -0.00007451394440583024
  -0.00005468598607173225
  -0.00003506979404556783
  -0.00001567355173028906
  0.0000034947494238844138
  0.00002242736559145548
  0.00004111674978308564
  0.000059555557543462
  0.00007773670737472069
  0.00009565329118166674
  0.00011329865006207806
  0.0001306663407767926
  0.00014775015864023575
  0.00016454408695342046
  0.0001810423745978493
  0.0001972394766114934
  0.00021313008620716843
  0.00022870910049042892
  0.00024397168060881825
  0.000258913180263592
  0.0002735292014926888
  0.00028781555975376994
  0.0003017683155174047
  0.0003153837428456757
  0.0003286583519590448
  0.0003415888612775635
  0.00035417223740675727
  0.0003664056486954346
  0.0003782865147532361
  0.00038981244336197226
  0.000400981301056875
  0.00041179113128202995
  0.0004222402499234988
  0.0004323271318904832
  0.00044205052821557435
  0.00045140933937233064
  0.0004604027319003917
  0.00046903006396732417
  0.00047729088753981384
  0.00048518498539463757
  0.0004927123403136313
  0.0004998731125377876
  0.0005066676963487641
  0.0005130966701195603
  0.000519160804022272
  0.0005248610503572327
  0.0005301985817512994
  0.0005351747310423214
  0.0005397910271562352
  0.0005440491755642232
  0.0005479510786733269
  0.0005514987830378727
  0.0005546945353771541
  0.0005575407291376701
  0.0005600399514517077
  0.0005621949308451273
  0.0005640085674686658
  0.0005654839079910812
  0.0005666241620275685
  0.0005674326851893764
  0.000567912979940789
  0.0005680686903413081
  0.000567903596345363
  0.0005674216194096524
  0.0005666268136807304
  0.0005655233549174786
  0.0005641155594788153
  0.0005624078205717509
  0.0005604047256880831
  0.0005581108866789437
  0.0005555310926474411
  0.0005526702069345824
  0.0005495332006925319
  0.0005461251265526414
  0.0005424511745155514
  0.0005385165800826897
  0.0005343266844550004
  0.0005298869006013341
  0.0005252027425528717
  0.0005202797606730019
  0.0005151236078697446
  0.0005097399894032718
  0.000504134684715383
  0.0004983135076285687
  0.000492282350406234
  0.00048604713208336587
  0.000479613851226634
  0.00047298851064317085
  0.00046617718607021606
  0.0004591859538193778
  0.00045202095866601097
  0.00044468833907386224
  0.00043719428670248225
  0.0004295449823617276
  0.0004217466450350764
  0.0004138054962280453
  0.0004057277660532746
  0.0003975197054481045
  0.0003891875252786402
  0.00038073748547370315
  0.0003721758114373685
  0.0003635087051788825
  0.0003547424057678341
  0.00034588308256722927
  0.0003369369073628882
  0.0003279100278259568
  0.00031880858466620744
  0.00030963864799226634
  0.000300406292460173
  0.00029111753936661785
  0.00028177838156462793
  0.00027239474232478115
  0.0002629725401318756
  0.0002535176183662922
  0.0002440357880676181
  0.0002345327853096611
  0.00022501430940087913
  0.00021548598972834427
  0.0002059534096668361
  0.0001964220661801894
  0.00018689741181366964
  0.00017738480650660848
  0.00016788957176448025
  0.00015841692095170672
  0.00014897203094652226
  0.0001395599502708042
  0.00013018570837162433
  0.00012085418787561309
  0.00011157026382110589
  0.0001023386444467586
  0.00009316400939304752
  0.00008405093685656896
  0.00007500388676900306
  0.00006602726765883841
  0.000057125383749737526
  0.000048302413996017216
  0.00003956247162412036
  0.00003090956954097453
  0.000022347614548319447
  0.000013880403508722862
  0.000005511662544495097
  -0.000002755006745179296
  -0.000010916104142854407
  -0.000018968238430185377
  -0.000026908099992124163
  -0.00003473250817998691
  -0.000042438370713417526
  -0.00005002272456120493
  -0.000057482689743760645
  -0.00006481550660608496
  -0.0000720185146869791
  -0.00007908917196933011
  -0.00008602504072710634
  -0.00009282379034385422
  -0.00009948319941095851
  -0.000106001150178999
  -0.00011237564597727176
  -0.00011860478760020018
  -0.0001246867903917096
  -0.0001306199732690769
  -0.00013640274848320842
  -0.0001420336937848862
  -0.00014751139718543915
  -0.00015283466365956846
  -0.00015800232112581528
  -0.00016301332999923567
  -0.00016786675447133103
  -0.00017256178748696987
  -0.00017709767468587458
  -0.00018147380928209772
  -0.00018568966885476712
  -0.00018974484075314974
  -0.00019363898131943266
  -0.00019737188847746115
  -0.00020094343343347935
  -0.00020435359689922297
  -0.00020760243297639802
  -0.00021069011607056834
  -0.0002136168938465039
  -0.00021638313290490456
  -0.00021898925374084466
  -0.0002214357997513524
  -0.00022372336985352213
  -0.00022585268676414226
  -0.00022782452250621872
  -0.00022963976365247723
  -0.00023129934594209707
  -0.00023280431674141023
  -0.0002341557846612755
  -0.00023535494322605082
  -0.00023640306554863016
  -0.0002373014614015977
  -0.00023805158202563887
  -0.00023865487304910212
  -0.0002391128972477746
  -0.00023942729885704467
  -0.00023959972266590057
  -0.00023963193133657272
  -0.00023952573492951206
  -0.0002392830018403102
  -0.00023890563605141955
  -0.00023839564478996404
  -0.00023775505415353805
  -0.00023698595110719102
  -0.00023609045824565575
  -0.0002350707835000869
  -0.00023392914671817647
  -0.00023266783248296143
  -0.00023128914396835156
  -0.00022979545090515588
  -0.00022818914639142083
  -0.00022647267476007596
  -0.00022464849263363615
  -0.00022271911239604854
  -0.00022068705546282653
  -0.0002185549020014311
  -0.0002163252236242207
  -0.00021400065158174477
  -0.00021158379433236575
  -0.00020907734284843338
  -0.00020648394163128313
  -0.00020380633445215174
  -0.00020104717779833512
  -0.00019820924237914375
  -0.00019529524187154263
  -0.00019230790731080324
  -0.00018925003451118505
  -0.0001861243630303267
  -0.00018293365007814743
  -0.00017968068648409292
  -0.0001763682394570381
  -0.00017299906568391026
  -0.00016957593703146798
  -0.00016610163531178909
  -0.000162578907122152
  -0.00015901049893387757
  -0.00015539915495917287
  -0.00015174762048524962
  -0.0001480586103200983
  -0.00014433483598453933
  -0.00014057898000685316
  -0.0001367937293361691
  -0.00013298174006640595
  -0.00012914565380032456
  -0.00012528808431670196
  -0.0001214116279929979
  -0.00011751886395697799
  -0.00011361234222806134
  -0.0001096945925654196
  -0.00010576809818400432
  -0.00010183533524211081
  -0.00009789873177475379
  -0.00009396071172426214
  -0.00009002364973664123
  -0.00008608987107162528
  -0.00008216173835194164
  -0.00007824144671729777
  -0.00007433130537475607
  -0.00007043349099005086
  -0.00006655016581349515
  -0.0000626834543299316
  -0.00005883547463553991
  -0.00005500824088153001
  -0.000051203771579503364
  -0.00004742403564389743
  -0.00004367097522254593
  -0.00003994644489360866
  -0.000036252293442214536
  -0.000032590308726189224
  -0.000028962256004025753
  -0.00002536982659138646
  -0.00002181468793127005
  -0.000018298440343348976
  -0.000014822671700453474
  -0.000011388887921867297
  -0.000007998576774269015
  -0.0000046531424119176875
  -0.000001353980445027877
  0.000001897590649627236
  0.0000051002657329385065
  0.000008252825407048586
  0.000011354074479540502
  0.000014402884379589044
  0.00001739816631826133
  0.000020338857440024097
  0.000023224008705496563
  0.000026052608110287427
  0.000028823819301837543
  0.00003153678016497704
  0.00003419065506633694
  0.00003678473515492552
  0.000039318301836066034
  0.00004179068732913825
  0.00004420127972201012
  0.0000465495483737775
  0.000048834954623607906
  0.000051057027805120507
  0.00005321533879236503
  0.00005530953268389656
  0.00005733926181569176
  0.000059304247600973816
  0.00006120423364666269
  0.00006303903871569586
  0.00006480850177882462
  0.00006651251813170088
  0.00006815100184273563
  0.00006972393589217221
  0.00007123132569408341
  0.00007267324785775384
  0.00007404978213774827
  0.00007536107963489734
  0.0000766072862729965
  0.00007778864499644043
  0.00007890537071601152
  0.00007995780032228164
  0.00008094619355303117
  0.00008187098290704003
  0.00008273249490899223
  0.00008353118032254068
  0.00008426753784785497
  0.00008494199978517992
  0.00008555512468418857
  0.00008610748069606067
  0.00008659963159255328
  0.00008703218175520726
  0.00008740580142176595
  0.00008772116662509908
  0.00008797895960507462
  0.00008817990165127881
  0.00008832475248038682
  0.00008841429007569401
  0.00008844930550671435
  0.00008843061551525254
  0.00008835906105866553
  0.00008823551701835869
  0.00008806086871141019
  0.0000878360151755311
  0.000087561871674282
  0.00008723937068301447
  0.00008686947591575933
  0.00008645315603583129
  0.0000859914068648563
  0.00008548521113357797
  0.00008493559639110877
  0.00008434356753314594
  0.00008371018798990466
  0.00008303648022562983
  0.00008232351515961041
  0.00008157238061233737
  0.00008078406811416518
  0.00007995977568760434
  0.00007910049986626798
  0.00007820736351571981
  0.00007728147790438677
  0.00007632395338994708
  0.0000753358466157952
  0.00007431829860360465
  0.00007327242039699722
  0.00007219933004931509
  0.00007110011046538825
  0.00006997589470305075
  0.00006882778729970473
  0.00006765690978251498
  0.00006646434493882656
  0.00006525119975478518
  0.00006401856117902624
  0.00006276754576963178
  0.00006149922864287688
  0.00006021470497270264
  0.00005891502622236351
  0.000057601276301983774
  0.00005627450174075216
  0.00005493577614480395
  0.00005358612453070604
  0.00005222659324557023
  0.0000508581914448921
  0.00004948193861585842
  0.0000480988458477696
  0.00004670986878989545
  0.000045316067466798706
  0.00004391828910304979
  0.00004251758043058772
  0.000041114859321120256
  0.00003971100009360757
  0.00003830697165939753
  0.0000369036726791398
  0.000035501963398442996
  0.000034102691481840916
  0.000032706744223990324
  0.0000313149454185944
  0.000029928108339016173
  0.000028547016563920906
  0.000027172479406447693
  0.000025805260871419333
  0.000024446124414693987
  0.000023095778765268077
  0.000021754944935571944
  0.00002042431181746883
  0.00001910457790400604
  0.000017796393530619645
  0.00001650041110359253
  0.00001521723200159907
  0.000013947478285379147
  0.000012691718297265124
  0.000011450545915431664
  0.00001022447692041174
  0.000009014074969693914
  0.000007819796063702307
  0.0000066421979030264954
  0.000005481657650517782
  0.000004338748515398511
  0.000003213804720895675
  0.0000021072592179054366
  0.000001019577040063657
  -4.897717915456158E-8
  -0.0000010980028372156969
  -0.0000021271403065877217
  -0.0000031360793366293424
  -0.000004124560637699448
  -0.000005092274355719306
  -0.000006038949997347184
  -0.000006964347870267306
  -0.00000786827010056124
  -0.000008750503893451039
  -0.00000961085704076389
  -0.00001044914287447599
  -0.000011265218083320355
  -0.000012058953450157422
  -0.000012830242627589953
  -0.000013578975064039967
  -0.000014305070337289478
  -0.000015008450172469656
  -0.00001568908275666965
  -0.000016346924452500325
  -0.000016981975379195305
  -0.000017594207169630956
  -0.000018183656629290297
  -0.000018750318055502303
  -0.000019294278385675933
  -0.000019815550754019396
  -0.00002031426718268709
  -0.00002079047878788144
  -0.00002124424725377391
  -0.000021675820785927755
  -0.000022085133344282833
  -0.000022472462725364042
  -0.000022837943503817045
  -0.00002318171996452749
  -0.00002350393410032641
  -0.00002380484175505891
  -0.000024084619190099227
  -0.00002434346865211848
  -0.000024581580709858852
  -0.000024799223044128717
  -0.00002499663330172485
  -0.000025174079110203173
  -0.000025331791558848807
  -0.000025470046697855142
  -0.00002558911089844875
  -0.000025689294154335524
  -0.000025770874930849002
  -0.000025834165593529913
  -0.00002587944795063202
  -0.000025907053463024045
  -0.000025917290297202058
  -0.000025910510305242518
  -0.000025887029813133002
  -0.000025847203383630306
  -0.000025791352873228275
  -0.000025719835161111104
  -0.000025632997619074885
  -0.000025531183413135266
  -0.000025414830938435217
  -0.0000252841442013526
  -0.000025139710954206122
  -0.00002498172246178884
  -0.000024810572777519785
  -0.000024626727659719874
  -0.00002443050461646999
  -0.000024222253019227765
  -0.00002400237618580671
  -0.000023771301525723636
  -0.000023529379211246166
  -0.000023276975929939386
  -0.00002301445799146124
  -0.00002274223665368326
  -0.000022460690025598074
  -0.000022170209041744146
  -0.000021871144357896494
  -0.000021563883886345222
  -0.000021248796807362388
  -0.000020926283486742093
  -0.000020596705143230906
  -0.000020260444453001566
  -0.00001991784178680545
  -0.000019569281616730575
  -0.000019215104565819543
  -0.000018855705577831738
  -0.000018491411052194032
  -0.00001812261918509792
  -0.000017749618157174424
  -0.000017372824563733616
  -0.000016992463328404695
  -0.000016609045597465182
  -0.000016222689091546758
  -0.000015833904260465235
  -0.000015443005264206535
  -0.00001505013799984632
  -0.000014655811774451373
  -0.000014260275339032372
  -0.00001386380264005149
  -0.000013466648371489617
  -0.000013069192152926923
  -0.000012671701895991654
  -0.000012274464031817812
  -0.000011877704706574917
  -0.00001148172597059089
  -0.000011086782591377844
  -0.000010693169334296101
  -0.000010301104182778387
  -0.000009910842412817441
  -0.000009522591290413194
  -0.000009136615322414583
  -0.000008753123693097712
  -0.00000837237231835363
  -0.0000079945374958101
  -0.000007619853651721788
  -0.000007248473731069383
  -0.000006880634059556969
  -0.000006516473666487556
  -0.000006156241315406344
  -0.0000058000436204839995
  -0.000005448136657145907
  -0.000005100563856561253
  -0.00000475760729465981
  -0.000004419320100033177
  -0.000004085773759393463
  -0.000003757394922899716
  -0.0000034339308346639215
  -0.000003115724844827413
  -0.000002802896886407995
  -0.0000024955445054769897
  -0.0000021936623285175723
  -0.0000018974238460883571
  -0.000001606924364279461
  -0.0000013222793495203177
  -0.0000010435065260367881
  -7.706880171897471E-7
  -5.038698863928925E-7
  -2.4315664609448396E-7
  1.140995185790546E-8
  2.597692295489507E-7
  5.019162750017476E-7
  7.378045600973214E-7
  9.674222504833463E-7
  0.0000011907116646554363
  0.0000014076636535960031
  0.000001618238560749582
  0.0000018224507610896471
  0.000002020282936219821
  0.000002211764503552105
  0.0000023968826363855702
  0.0000025756637882597546
  0.000002748104094792984
  0.000002914224657117975
  0.0000030740894080926515
  0.00000322755188413165
  0.000003375039880532991
  0.0000035160600333868377
  0.0000036510316542977703
  0.000003779994792624716
  0.000003902815490097137
  0.0000040195695554749324
  0.00000413039529065962
  0.0000042353824328133184
  0.00000433452977711772
  0.000004427883317895867
  0.000004515507194074236
  0.000004597520092899562
  0.000004673999731271189
  0.0000047450322126871265
  0.000004810653584448032
  0.000004870947616293384
  0.0000049259776151226255
  0.000004975864013880649
  0.0000050206867873137635
  0.000005060569290598214
  0.0000050955722416983045
  0.000005125816346505442
  0.000005151349631758496
  0.000005172311790398319
  0.000005188748970713671
  0.000005200833738738299
  0.000005208584687016116
  0.000005212217770166094
  0.000005211677427411443
  0.000005207318031166552
  0.000005198819462698696
  0.000005186846261505759
  0.000005171073597551872
  0.000005151547629877996
  0.000005128890026950633
  0.000005102791375204085
  0.000005073427483236334
  0.0000050408467916872
  0.000005005366925277251
  0.000004966966841037648
  0.000004925803076671313
  0.000004881843052169709
  0.000004835297326591667
  0.000004786210560325582
  0.000004734810654768899
  0.0000046811133160741175
  0.000004625299582497747
  0.000004567361235618723
  0.000004507484982817852
  0.000004445677375496116
  0.000004382150160188144
  0.000004316905651792328
  0.000004250160620164789
  0.000004181888605550202
  0.0000041123090722357745
  0.000004041366155334472
  0.000003969311871592903
  0.000003896054035711761
  0.000003821904896361705
  0.000003746693250343621
  0.000003670870048710267
  0.0000035940815518797946
  0.0000035167404998099733
  0.000003439151183067843
  0.000003360422515858371
  0.00000328172092099061
  0.000003202698815047493
  0.000003123407753830674
  0.000003043743110004454
  0.0000029640329998732553
  0.0000028843151636096495
  0.0000028047473619644696
  0.00000272526181990648
  0.0000026459526600316294
  0.0000025668109073645
  0.00000248798050159607
  0.0000024094974568012555
  0.000002331482415969177
  0.0000022539447515866228
  0.00000217696466191619
  0.000002100539016369795
  0.0000020247462051816035
  0.000001949599398948814
  0.000001875188908278855
  0.0000018015395845500963
  0.0000017287352370995908
  0.0000016567904317074052
  0.0000015857735654483765
  0.0000015156856379984181
  0.0000014465782279731017
  0.0000013784527608716447
  0.0000013113480275642435
  0.0000012454235072533139
  0.0000011800277111114888
  0.000001116878049853738
  0.000001053802500643325
  9.920537067919783E-7
  9.318739231360833E-7
  8.729522753310445E-7
  8.151121252551844E-7
  7.583759516439859E-7
  7.028910345950076E-7
  6.487333341136844E-7
  5.959494719428147E-7
  5.444832934573891E-7
  4.943193000680645E-7
  4.454023826985991E-7
  3.9777675749630286E-7
  3.5142596988923716E-7
  3.06431314711777E-7
  2.627613117111054E-7
  2.2049086989176792E-7
  1.7953872828877775E-7
  1.3997884974194614E-7
  1.016833960424078E-7
  6.476366519714272E-8
  2.9050256401775107E-8
  -5.274590669446347E-9
  -3.8446809831114097E-8
  -7.016889298584478E-8
  -1.0082628394325566E-7
  -1.299111956652906E-7
  -1.5816632377616286E-7
  -1.8433966250670886E-7
  -2.108799114381915E-7
  -2.342680460359044E-7
  -2.5684984493728615E-7
  -2.799391065476891E-7
  -3.005003879147548E-7
  -3.201373823320398E-7
  -3.3808105730901677E-7
  -3.55577693453059E-7
  -3.7173960254753994E-7
  -3.8735912915506877E-7
  -4.0152091629525816E-7
  -4.1497583065205077E-7
  -4.2693350877438674E-7
  -4.3822823844997364E-7
  -4.481236549660994E-7
  -4.574958191761461E-7
  -4.65563455819262E-7
  -4.7322401582524287E-7
  -4.795971008440196E-7
  -4.856371521193799E-7
  -4.903434520381071E-7
  -4.947947046008972E-7
  -4.978396681314972E-7
  -5.007590789529319E-7
  -5.021804643252212E-7
  -5.036966337473238E-7
  -5.035533206856726E-7
  -5.038664548104517E-7
  -5.02159417929317E-7
  -5.016312787822383E-7
  -4.978232812085523E-7
  -4.974273250475747E-7
  -4.951102714865722E-7
  -4.854866398822504E-7
  -4.848111957407669E-7
  -4.80494485399167E-7
  -4.7683222125785237E-7
  -4.7048083115423116E-7
  -4.645995764334329E-7
  -4.571963008325012E-7
  -4.5047183678763733E-7
  -4.4278636471206905E-7
  -4.3573462454516246E-7
  -4.278746020956564E-7
  -4.2047930072128547E-7
  -4.122898302555988E-7
  -4.044129424305577E-7
  -3.957565844718313E-7
  -3.87337736901556E-7
  -3.7819546618493837E-7
  -3.6928507252077477E-7
  -3.597372008277848E-7
  -3.5045349721280427E-7
  -3.4062419251125347E-7
  -3.3109924636302954E-7
  -3.2110729213919146E-7
  -3.1145696097370254E-7
  -3.0139777441271126E-7
  -2.9170266189609893E-7
  -2.81641668294283E-7
  -2.719620454321297E-7
  -2.61943832328616E-7
  -2.523234759683689E-7
  -0.0000031441349395510067
