-1.947153501765769070E-6
-2.236593866098262940E-6
-2.552736546283783880E-6
-2.896987474766590240E-6
-3.270773653050886410E-6
-3.675540675016119700E-6
-4.112750074580656450E-6
-4.583876495713904650E-6
-5.090404683094619460E-6
-5.633826292023549340E-6
-6.215636516521864330E-6
-6.837330534882037900E-6
-7.500399772285407880E-6
-8.206327980459244390E-6
-8.956587134716148310E-6
-9.752633149099079190E-6
-10.59590141074565750E-6
-11.48780213498563360E-6
-12.42971554309415080E-6
-13.42298686504103240E-6
-14.46892117000081690E-6
-15.56877802782082300E-6
-16.72376600508237490E-6
-17.93503699983430270E-6
-19.20368041952662000E-6
-20.53071720712477340E-6
-21.91709372084072880E-6
-23.36367547337554030E-6
-24.87124073702752720E-6
-26.44047402148060400E-6
-28.07195943154723850E-6
-29.76617391259910410E-6
-31.52348039187523200E-6
-33.34412082431065020E-6
-35.22820915197743830E-6
-37.17572418667494820E-6
-39.18650242564253720E-6
-41.26023081080041520E-6
-43.39643944234517650E-6
-45.59449425794134210E-6
-47.85358968915172540E-6
-50.17274130714304190E-6
-52.55077847008067240E-6
-54.98633698499389060E-6
-57.47785179724438360E-6
-60.02354972106653010E-6
-62.62144222496880280E-6
-65.26931828608678640E-6
-67.96473732786479620E-6
-70.70502225570457710E-6
-73.48725260546716240E-6
-76.30825781993539180E-6
-79.16461066854620300E-6
-82.05262082588018300E-6
-84.96832862455039500E-6
-87.90749899826039380E-6
-90.86561563090853610E-6
-93.83787532769089520E-6
-96.81918262420714430E-6
-99.80414464959814320E-6
-102.7870662597366900E-6
-105.7619454564625130E-6
-108.7224691087865980E-6
-111.6620089918984600E-6
-114.5736181596867880E-6
-117.4500276663295890E-6
-120.2836436523235190E-6
-123.0665448101096050E-6
-125.7904802441976240E-6
-128.4468677404202880E-6
-131.0267924586262320E-6
-133.5210060627862840E-6
-135.9199263021060350E-6
-138.2136370563307250E-6
-140.3918888579865720E-6
-142.4440999038396570E-6
-144.3593575673361040E-6
-146.1264204232671200E-6
-147.7337207953276560E-6
-149.1693678366486320E-6
-150.4211511527500420E-6
-151.4765449757173880E-6
-152.3227128977117390E-6
-152.9465131712163380E-6
-153.3345045826847300E-6
-153.4729529054903030E-6
-153.3478379372839410E-6
-152.9448611260549170E-6
-152.2494537883502800E-6
-151.2467859222455790E-6
-149.9217756167811050E-6
-148.2590990586689090E-6
-146.2432011361597970E-6
-143.8583066390199290E-6
-141.0884320526051570E-6
-137.9173979430589720E-6
-134.3288419296689820E-6
-130.3062322394250430E-6
-125.8328818378156910E-6
-120.8919631288802070E-6
-115.4665232165168330E-6
-109.5394997180166290E-6
-103.0937371197609450E-6
-96.11200366398711030E-6
-88.57700875449231150E-6
-80.47142086811521720E-6
-71.77788595780054950E-6
-62.47904633203323500E-6
-52.55755999440655300E-6
-41.99612042608384850E-6
-30.77747679291364950E-6
-18.88445455797152310E-6
-6.299976479334990390E-6
 6.992916028060930600E-6
 21.01104118857216460E-6
 35.77105484300250280E-6
 51.28942813066561970E-6
 67.58242490111751980E-6
 84.66607888117235350E-6
 102.5561706236320840E-6
 121.2682042649426540E-6
 140.8173841197543080E-6
 161.2185911410800830E-6
 182.4863592754425100E-6
 204.6348517430477900E-6
 227.6778372736441720E-6
 251.6286663292963230E-6
 276.5002473458492890E-6
 302.3050230253375620E-6
 329.0549467120566760E-6
 356.7614588854150950E-6
 385.4354638030389420E-6
 415.0873063279181560E-6
 445.7267489736489100E-6
 477.3629492020266980E-6
 510.0044370074247130E-6
 543.6590928224859450E-6
 578.3341257797335400E-6
 614.0360523636878720E-6
 650.7706754880500740E-6
 688.5430640323999110E-6
 727.3575328726968790E-6
 767.2176234396613380E-6
 808.1260848388483280E-6
 850.0848555658942590E-6
 893.0950458500465170E-6
 937.1569206586365230E-6
 982.2698833946736840E-6
 0.001028432460319197
 0.001075642285729388
 0.001123896087922835
 0.001173189675977578
 0.001223517927376836
 0.001274874776506477
 0.001327253204052409
 0.001380645227324187
 0.001435041891530095
 0.001490433262027997
 0.001546808417575121
 0.001604155444598879
 0.001662461432509598
 0.001721712470074869
 0.001781893642873951
 0.001842989031849360
 0.001904981712971480
 0.001967853758030569
 0.002031586236569265
 0.002096159218967090
 0.002161551780687107
 0.002227742007693316
 0.002294707003045833
 0.002362422894679398
 0.002430864844369086
 0.002500007057885569
 0.002569822796340630
 0.002640284388721964
 0.002711363245614688
 0.002783029874105307
 0.002855253893862189
 0.002928004054384964
 0.003001248253413547
 0.003074953556485818
 0.003149086217631318
 0.003223611701186617
 0.003298494704716420
 0.003373699183022669
 0.003449188373222445
 0.003524924820873683
 0.003600870407126215
 0.003676986376873988
 0.003753233367882771
 0.003829571440866168
 0.003905960110481121
 0.003982358377212787
 0.004058724760117026
 0.004135017330387517
 0.004211193745713001
 0.004287211285388911
 0.004363026886146353
 0.004438597178660098
 0.004513878524696173
 0.004588827054858339
 0.004663398706891880
 0.004737549264501833
 0.004811234396642010
 0.004884409697230204
 0.004957030725244027
 0.005029053045151126
 0.005100432267626810
 0.005171124090511273
 0.005241084339958318
 0.005310269011726531
 0.005378634312563876
 0.005446136701635807
 0.005512732931947044
 0.005578380091706669
 0.005643035645586181
 0.005706657475819854
 0.005769203923096954
 0.005830633827195159
 0.005890906567304784
 0.005949982101993611
 0.006007821008762270
 0.006064384523140572
 0.006119634577275514
 0.006173533837962205
 0.006226045744069541
 0.006277134543312954
 0.006326765328327459
 0.006374904071994724
 0.006421517661979088
 0.006466573934427927
 0.006510041706793075
 0.006551890809730941
 0.006592092118039957
 0.006630617580595342
 0.006667440249242214
 0.006702534306609556
 0.006735875092808633
 0.006767439130981171
 0.006797204151663711
 0.006825149115936351
 0.006851254237325547
 0.006875501002432028
 0.006897872190256913
 0.006918351890200525
 0.006936925518710097
 0.006953579834554588
 0.006968302952706286
 0.006981084356811012
 0.006991914910230310
 0.007000786865641115
 0.007007693873180146
 0.007012630987122288
 0.007015594671084028
 0.007016582801745219
 0.007015594671084028
 0.007012630987122288
 0.007007693873180146
 0.007000786865641115
 0.006991914910230310
 0.006981084356811012
 0.006968302952706286
 0.006953579834554588
 0.006936925518710097
 0.006918351890200525
 0.006897872190256913
 0.006875501002432028
 0.006851254237325547
 0.006825149115936351
 0.006797204151663711
 0.006767439130981171
 0.006735875092808633
 0.006702534306609556
 0.006667440249242214
 0.006630617580595342
 0.006592092118039957
 0.006551890809730941
 0.006510041706793075
 0.006466573934427927
 0.006421517661979088
 0.006374904071994724
 0.006326765328327459
 0.006277134543312954
 0.006226045744069541
 0.006173533837962205
 0.006119634577275514
 0.006064384523140572
 0.006007821008762270
 0.005949982101993611
 0.005890906567304784
 0.005830633827195159
 0.005769203923096954
 0.005706657475819854
 0.005643035645586181
 0.005578380091706669
 0.005512732931947044
 0.005446136701635807
 0.005378634312563876
 0.005310269011726531
 0.005241084339958318
 0.005171124090511273
 0.005100432267626810
 0.005029053045151126
 0.004957030725244027
 0.004884409697230204
 0.004811234396642010
 0.004737549264501833
 0.004663398706891880
 0.004588827054858339
 0.004513878524696173
 0.004438597178660098
 0.004363026886146353
 0.004287211285388911
 0.004211193745713001
 0.004135017330387517
 0.004058724760117026
 0.003982358377212787
 0.003905960110481121
 0.003829571440866168
 0.003753233367882771
 0.003676986376873988
 0.003600870407126215
 0.003524924820873683
 0.003449188373222445
 0.003373699183022669
 0.003298494704716420
 0.003223611701186617
 0.003149086217631318
 0.003074953556485818
 0.003001248253413547
 0.002928004054384964
 0.002855253893862189
 0.002783029874105307
 0.002711363245614688
 0.002640284388721964
 0.002569822796340630
 0.002500007057885569
 0.002430864844369086
 0.002362422894679398
 0.002294707003045833
 0.002227742007693316
 0.002161551780687107
 0.002096159218967090
 0.002031586236569265
 0.001967853758030569
 0.001904981712971480
 0.001842989031849360
 0.001781893642873951
 0.001721712470074869
 0.001662461432509598
 0.001604155444598879
 0.001546808417575121
 0.001490433262027997
 0.001435041891530095
 0.001380645227324187
 0.001327253204052409
 0.001274874776506477
 0.001223517927376836
 0.001173189675977578
 0.001123896087922835
 0.001075642285729388
 0.001028432460319197
 982.2698833946736840E-6
 937.1569206586365230E-6
 893.0950458500465170E-6
 850.0848555658942590E-6
 808.1260848388483280E-6
 767.2176234396613380E-6
 727.3575328726968790E-6
 688.5430640323999110E-6
 650.7706754880500740E-6
 614.0360523636878720E-6
 578.3341257797335400E-6
 543.6590928224859450E-6
 510.0044370074247130E-6
 477.3629492020266980E-6
 445.7267489736489100E-6
 415.0873063279181560E-6
 385.4354638030389420E-6
 356.7614588854150950E-6
 329.0549467120566760E-6
 302.3050230253375620E-6
 276.5002473458492890E-6
 251.6286663292963230E-6
 227.6778372736441720E-6
 204.6348517430477900E-6
 182.4863592754425100E-6
 161.2185911410800830E-6
 140.8173841197543080E-6
 121.2682042649426540E-6
 102.5561706236320840E-6
 84.66607888117235350E-6
 67.58242490111751980E-6
 51.28942813066561970E-6
 35.77105484300250280E-6
 21.01104118857216460E-6
 6.992916028060930600E-6
-6.299976479334990390E-6
-18.88445455797152310E-6
-30.77747679291364950E-6
-41.99612042608384850E-6
-52.55755999440655300E-6
-62.47904633203323500E-6
-71.77788595780054950E-6
-80.47142086811521720E-6
-88.57700875449231150E-6
-96.11200366398711030E-6
-103.0937371197609450E-6
-109.5394997180166290E-6
-115.4665232165168330E-6
-120.8919631288802070E-6
-125.8328818378156910E-6
-130.3062322394250430E-6
-134.3288419296689820E-6
-137.9173979430589720E-6
-141.0884320526051570E-6
-143.8583066390199290E-6
-146.2432011361597970E-6
-148.2590990586689090E-6
-149.9217756167811050E-6
-151.2467859222455790E-6
-152.2494537883502800E-6
-152.9448611260549170E-6
-153.3478379372839410E-6
-153.4729529054903030E-6
-153.3345045826847300E-6
-152.9465131712163380E-6
-152.3227128977117390E-6
-151.4765449757173880E-6
-150.4211511527500420E-6
-149.1693678366486320E-6
-147.7337207953276560E-6
-146.1264204232671200E-6
-144.3593575673361040E-6
-142.4440999038396570E-6
-140.3918888579865720E-6
-138.2136370563307250E-6
-135.9199263021060350E-6
-133.5210060627862840E-6
-131.0267924586262320E-6
-128.4468677404202880E-6
-125.7904802441976240E-6
-123.0665448101096050E-6
-120.2836436523235190E-6
-117.4500276663295890E-6
-114.5736181596867880E-6
-111.6620089918984600E-6
-108.7224691087865980E-6
-105.7619454564625130E-6
-102.7870662597366900E-6
-99.80414464959814320E-6
-96.81918262420714430E-6
-93.83787532769089520E-6
-90.86561563090853610E-6
-87.90749899826039380E-6
-84.96832862455039500E-6
-82.05262082588018300E-6
-79.16461066854620300E-6
-76.30825781993539180E-6
-73.48725260546716240E-6
-70.70502225570457710E-6
-67.96473732786479620E-6
-65.26931828608678640E-6
-62.62144222496880280E-6
-60.02354972106653010E-6
-57.47785179724438360E-6
-54.98633698499389060E-6
-52.55077847008067240E-6
-50.17274130714304190E-6
-47.85358968915172540E-6
-45.59449425794134210E-6
-43.39643944234517650E-6
-41.26023081080041520E-6
-39.18650242564253720E-6
-37.17572418667494820E-6
-35.22820915197743830E-6
-33.34412082431065020E-6
-31.52348039187523200E-6
-29.76617391259910410E-6
-28.07195943154723850E-6
-26.44047402148060400E-6
-24.87124073702752720E-6
-23.36367547337554030E-6
-21.91709372084072880E-6
-20.53071720712477340E-6
-19.20368041952662000E-6
-17.93503699983430270E-6
-16.72376600508237490E-6
-15.56877802782082300E-6
-14.46892117000081690E-6
-13.42298686504103240E-6
-12.42971554309415080E-6
-11.48780213498563360E-6
-10.59590141074565750E-6
-9.752633149099079190E-6
-8.956587134716148310E-6
-8.206327980459244390E-6
-7.500399772285407880E-6
-6.837330534882037900E-6
-6.215636516521864330E-6
-5.633826292023549340E-6
-5.090404683094619460E-6
-4.583876495713904650E-6
-4.112750074580656450E-6
-3.675540675016119700E-6
-3.270773653050886410E-6
-2.896987474766590240E-6
-2.552736546283783880E-6
-2.236593866098262940E-6
-1.947153501765769070E-6

