 1.038136393033701980E-6
 879.4112605191626240E-9
 210.6593147347753360E-9
-970.5664611583985110E-9
-2.448301029208209020E-6
-3.783482205941499640E-6
-4.396882831906802740E-6
-3.737785624911897920E-6
-1.503121710693995140E-6
 2.158325165567164920E-6
 6.536807892898041320E-6
 10.41751396132061560E-6
 12.33301030377555210E-6
 10.98338983209748320E-6
 5.728365839896614630E-6
-2.996206124351605380E-6
-13.49972839416915700E-6
-23.02199124723486180E-6
-28.31951800377284560E-6
-26.56749480042125810E-6
-16.36637774015796860E-6
 1.444282544183515200E-6
 23.47267836380634520E-6
 44.18355721977540900E-6
 57.07285788621727820E-6
 56.42043245079504740E-6
 39.20941373835889010E-6
 6.657518807387652340E-6
-35.19516306350494260E-6
-76.22572030141904520E-6
-104.3533154141292130E-6
-108.6973013475149510E-6
-83.03162325408658260E-6
-28.56198808310029590E-6
 44.93544857894648460E-6
 120.2707196262918220E-6
 176.3899903469069840E-6
 193.7251357684599210E-6
 160.1082707715401910E-6
 75.62667156263360370E-6
-45.18521548487300520E-6
-174.9229140293946330E-6
-278.8574631879509410E-6
-323.5300188572927600E-6
-286.4391808169134490E-6
-164.2259596259069670E-6
 23.22900412048747750E-6
 234.6232663959631850E-6
 415.3890173068741660E-6
 510.8684474922162620E-6
 481.5563349876092050E-6
 316.4230622658170660E-6
 40.27820295102919350E-6
-287.7775894168521520E-6
-585.6820625238925690E-6
-767.7650894397355610E-6
-767.8674765160699280E-6
-560.3141077270511230E-6
-172.6125664028955670E-6
 314.7808341515446960E-6
 783.3138754331861260E-6
 0.001103659283545839
 0.001169611920235356
 930.0836716579540280E-6
 410.1526234173849730E-6
-286.0077803849679300E-6
-993.4071932862246970E-6
-0.001523367719626008
-0.001711686521010686
-0.001466042312975538
-799.6455625085011430E-6
 159.6598208610178630E-6
 0.001190216945769907
 0.002025158173399049
 0.002418855791803885
 0.002215312244433842
 0.001400254520692141
 121.0564542583764480E-6
-0.001334469790181176
-0.002599276113247110
-0.003316253746655596
-0.003234543132421950
-0.002287984775825590
-632.8300889623853890E-6
 0.001369704448700325
 0.003227254791030399
 0.004432821467513995
 0.004597520948774678
 0.003566072851046460
 0.001482648307117336
-0.001215477688175858
-0.003882262635555514
-0.005811048858239460
-0.006414140209110614
-0.005389895128389029
-0.002832276564073134
 751.6950219411214680E-6
 0.004530605271539903
 0.007531269095788078
 0.008877583930113092
 0.008029570801202585
 0.004960891017700145
 222.7204073114311310E-6
-0.005134322766074253
-0.009775213436272221
-0.012392328295586971
-0.012045382820156755
-0.008446862085388774
-0.002115526376038364
 0.005654635896028094
 0.013022687375292724
 0.017992296786629062
 0.018890023264909864
 0.014825780182787990
 0.006025301070445223
-0.006055833468581161
-0.018884768101639984
-0.029262175039871979
-0.033924254859994903
-0.030221401755408307
-0.016734077409589369
 0.006309088913560339
 0.036911650830542792
 0.071530973241513252
 0.105614387351324696
 0.134356640582564801
 0.153536594924025716
 0.160270994692971736
 0.153536594924025716
 0.134356640582564801
 0.105614387351324696
 0.071530973241513252
 0.036911650830542792
 0.006309088913560339
-0.016734077409589369
-0.030221401755408307
-0.033924254859994903
-0.029262175039871979
-0.018884768101639984
-0.006055833468581161
 0.006025301070445223
 0.014825780182787990
 0.018890023264909864
 0.017992296786629062
 0.013022687375292724
 0.005654635896028094
-0.002115526376038364
-0.008446862085388774
-0.012045382820156755
-0.012392328295586971
-0.009775213436272221
-0.005134322766074253
 222.7204073114311310E-6
 0.004960891017700145
 0.008029570801202585
 0.008877583930113092
 0.007531269095788078
 0.004530605271539903
 751.6950219411214680E-6
-0.002832276564073134
-0.005389895128389029
-0.006414140209110614
-0.005811048858239460
-0.003882262635555514
-0.001215477688175858
 0.001482648307117336
 0.003566072851046460
 0.004597520948774678
 0.004432821467513995
 0.003227254791030399
 0.001369704448700325
-632.8300889623853890E-6
-0.002287984775825590
-0.003234543132421950
-0.003316253746655596
-0.002599276113247110
-0.001334469790181176
 121.0564542583764480E-6
 0.001400254520692141
 0.002215312244433842
 0.002418855791803885
 0.002025158173399049
 0.001190216945769907
 159.6598208610178630E-6
-799.6455625085011430E-6
-0.001466042312975538
-0.001711686521010686
-0.001523367719626008
-993.4071932862246970E-6
-286.0077803849679300E-6
 410.1526234173849730E-6
 930.0836716579540280E-6
 0.001169611920235356
 0.001103659283545839
 783.3138754331861260E-6
 314.7808341515446960E-6
-172.6125664028955670E-6
-560.3141077270511230E-6
-767.8674765160699280E-6
-767.7650894397355610E-6
-585.6820625238925690E-6
-287.7775894168521520E-6
 40.27820295102919350E-6
 316.4230622658170660E-6
 481.5563349876092050E-6
 510.8684474922162620E-6
 415.3890173068741660E-6
 234.6232663959631850E-6
 23.22900412048747750E-6
-164.2259596259069670E-6
-286.4391808169134490E-6
-323.5300188572927600E-6
-278.8574631879509410E-6
-174.9229140293946330E-6
-45.18521548487300520E-6
 75.62667156263360370E-6
 160.1082707715401910E-6
 193.7251357684599210E-6
 176.3899903469069840E-6
 120.2707196262918220E-6
 44.93544857894648460E-6
-28.56198808310029590E-6
-83.03162325408658260E-6
-108.6973013475149510E-6
-104.3533154141292130E-6
-76.22572030141904520E-6
-35.19516306350494260E-6
 6.657518807387652340E-6
 39.20941373835889010E-6
 56.42043245079504740E-6
 57.07285788621727820E-6
 44.18355721977540900E-6
 23.47267836380634520E-6
 1.444282544183515200E-6
-16.36637774015796860E-6
-26.56749480042125810E-6
-28.31951800377284560E-6
-23.02199124723486180E-6
-13.49972839416915700E-6
-2.996206124351605380E-6
 5.728365839896614630E-6
 10.98338983209748320E-6
 12.33301030377555210E-6
 10.41751396132061560E-6
 6.536807892898041320E-6
 2.158325165567164920E-6
-1.503121710693995140E-6
-3.737785624911897920E-6
-4.396882831906802740E-6
-3.783482205941499640E-6
-2.448301029208209020E-6
-970.5664611583985110E-9
 210.6593147347753360E-9
 879.4112605191626240E-9
 1.038136393033701980E-6

