-37.37419660329435800E-6
-94.01314663198519380E-6
-148.5619085838354750E-6
-146.9761239313355080E-6
-24.70856049083618090E-6
 252.1539193381346420E-6
 636.2526170701079310E-6
 968.2455526704131900E-6
 999.9343966798765000E-6
 489.5508193908254950E-6
-648.0863023181524340E-6
-0.002196687316566499
-0.003586351974266891
-0.004010506811693321
-0.002729036515703019
 518.5651772199024660E-6
 0.005155734284993679
 0.009669910484555762
 0.011923004397138894
 0.009878867171645007
 0.002563803549036162
-0.009085740098717468
-0.021883405742219496
-0.030843502693677145
-0.030444590190746860
-0.016405684753301862
 0.012585103751648601
 0.053827391316491030
 0.100726444878532120
 0.144181629021768676
 0.174908691653256398
 0.186000976475367147
 0.174908691653256398
 0.144181629021768676
 0.100726444878532120
 0.053827391316491030
 0.012585103751648601
-0.016405684753301862
-0.030444590190746860
-0.030843502693677145
-0.021883405742219496
-0.009085740098717468
 0.002563803549036162
 0.009878867171645007
 0.011923004397138894
 0.009669910484555762
 0.005155734284993679
 518.5651772199024660E-6
-0.002729036515703019
-0.004010506811693321
-0.003586351974266891
-0.002196687316566499
-648.0863023181524340E-6
 489.5508193908254950E-6
 999.9343966798765000E-6
 968.2455526704131900E-6
 636.2526170701079310E-6
 252.1539193381346420E-6
-24.70856049083618090E-6
-146.9761239313355080E-6
-148.5619085838354750E-6
-94.01314663198519380E-6
-37.37419660329435800E-6

