 101.2657009183351140E-9
-706.9340515661435800E-9
 177.3761791873216680E-9
 1.300115594444192000E-6
-985.0111607253153350E-9
-1.556803812718693170E-6
 2.172489802090062480E-6
 1.090232068054358020E-6
-3.211645350629620310E-6
 108.8275406245647190E-9
 3.445839560069502210E-6
-1.476138800895895110E-6
-2.563678046190011270E-6
 2.052604971120906010E-6
 1.010840888498926390E-6
-1.052495711453799830E-6
 7.189508365544981850E-9
-1.460206741523825790E-6
 904.2563791162803000E-9
 4.255955492447041520E-6
-4.392389809499565700E-6
-5.353328403996590270E-6
 9.606257674837056730E-6
 3.125536598423359620E-6
-14.23931441048180880E-6
 2.449867823108029530E-6
 15.60732202453080750E-6
-9.231042388915881250E-6
-12.35004988246293860E-6
 13.65660710751442860E-6
 5.779712876208672690E-6
-12.69524688517437380E-6
 156.3188855280431260E-9
 6.042713845139500610E-6
-691.5879550310380640E-9
 2.840396299007385220E-6
-6.861282655054736780E-6
-7.877482288890334420E-6
 20.74867503590432350E-6
 3.564229264736056280E-6
-34.65560120258322030E-6
 11.34134865334206310E-6
 40.50839100400718000E-6
-31.89987171618025030E-6
-33.14446424712257060E-6
 48.54306925383227170E-6
 14.31031237163659850E-6
-51.97277897390076620E-6
 6.745560456649338120E-6
 39.09328044783984520E-6
-17.29000673515360020E-6
-16.44834667668455450E-6
 8.275388174147739310E-6
-1.598817756232995710E-6
 19.13704850278508470E-6
-1.907253474248068240E-18
-51.94921869242486420E-6
 27.81507454685605300E-6
 70.69728241038673390E-6
-74.02704021568854390E-6
-59.99011870642725340E-6
 118.1416781422810520E-6
 18.76711448346542710E-6
-136.8692746817319230E-6
 36.12957467575081690E-6
 117.7460141267237500E-6
-76.63196692317333710E-6
-68.86748380260630140E-6
 78.31536632450325900E-6
 17.99379374119499530E-6
-35.95553338330341120E-6
 488.0012008465344020E-9
-29.59456720032743250E-6
 34.89442984729798520E-6
 79.03278197625701300E-6
-117.3193745765770050E-6
-74.79454969206420860E-6
 210.5428365343205140E-6
 3.857938543213734750E-6
-265.2712820993574500E-6
 110.1391762485242790E-6
 246.2565138385849930E-6
-214.6456729736587760E-6
-155.6722893688672400E-6
 254.5769583748914900E-6
 38.10088436932567650E-6
-204.6666875695354410E-6
 38.95132755958237420E-6
 89.42534259608406440E-6
-21.41065486852047780E-6
 23.24841438801895420E-6
-97.07729899353867610E-6
-55.25289363804235170E-6
 263.6770638823662130E-6
-37.21229624282341320E-6
-388.1249099214506940E-6
 232.4713555329278170E-6
 389.9778348268634430E-6
-446.0548022870209480E-6
-247.2752933626743470E-6
 570.7925267714798560E-6
 18.06646717325822490E-6
-536.2364932268511670E-6
 181.9273976261676750E-6
 355.2285271561017910E-6
-238.7754510281584430E-6
-128.3340763962366400E-6
 107.3061748749053950E-6
-2.500212180901714820E-6
 152.6785155623967680E-6
-68.95607031792648910E-6
-396.4951839632184370E-6
 346.2548136335592520E-6
 467.0054586025264600E-6
-714.0160010164590860E-6
-284.1753397720139560E-6
 988.7573362643081510E-6
-98.21780323972193120E-6
-0.001016125556824149
 506.1656982827945510E-6
 763.9978975027579510E-6
-730.6139597598729550E-6
-356.7284005165308260E-6
 643.9838328790860940E-6
 23.04969940470140700E-6
-284.3487515007015530E-6
 23.10919897657930020E-6
-145.6711620953262810E-6
 291.7924533469102360E-6
 375.3168513549263710E-6
-840.8703423842960090E-6
-213.3620213763677500E-6
 0.001345115025058264
-332.0854346715692600E-6
-0.001515268996932451
 0.001034220399895321
 0.001216605880587458
-0.001551782581977644
-564.2966202746417820E-6
 0.001611414105375999
-113.7400097701226120E-6
-0.001172247330317949
 440.5300096135066500E-6
 475.9752219546640500E-6
-200.7178504125636780E-6
 59.49570513269223680E-6
-517.4555661034976310E-6
-59.49129535770353530E-6
 0.001338120766502658
-588.0681457487910390E-6
-0.001780211810085821
 0.001639133436935974
 0.001520304181683660
-0.002593278143436324
-594.2441273159250840E-6
 0.002950821910249515
-584.4233382640062470E-6
-0.002497418353956197
 0.001419575717193284
 0.001456501662430127
-0.001452696442271159
-408.4430325114144580E-6
 638.7733305363605040E-6
-2.263176541042261740E-6
 584.0669520820802060E-6
-572.7062717345390870E-6
-0.001492564155753233
 0.001955810700677210
 0.001459266748854179
-0.003488875921283188
-318.7782612544548900E-6
 0.004356071502086729
-0.001490371429515397
-0.004029837548529818
 0.003111940017442276
 0.002599248006719400
-0.003714294394756084
-782.4650504156721810E-6
 0.002964217947879926
-416.0853943601568970E-6
-0.001266905406845135
 245.8598902667837360E-6
-387.6090589437517910E-6
 0.001338008891732085
 924.7701028545163810E-6
-0.003575849848801461
 215.0616500672342110E-6
 0.005249346150699101
-0.002706698220291865
-0.005322113566775951
 0.005432031181391457
 0.003543449480678220
-0.007029095086895917
-670.9283052802500150E-6
 0.006635565315907659
-0.001852772315001545
-0.004427808574424123
 0.002643127562646453
 0.001630868166747044
-0.001162451368417944
 61.31448778566729630E-6
-0.001884671228266614
 608.5353579814817520E-6
 0.004812747026011430
-0.003703663889422100
-0.005796669011131032
 0.007924794274269958
 0.003883590949299368
-0.011188574248887298
 372.7391538686232480E-6
 0.011711035071914179
-0.005051650255280247
-0.009046599687097433
 0.007787942897513929
 0.004497740299725156
-0.007051840659603450
-594.6918339324498670E-6
 0.003115563412598682
-174.4348631186296070E-6
 0.001867444320420995
-0.003231756003604474
-0.004821852816235856
 0.009629519674406881
 0.003346833480042136
-0.015965887919427078
 0.002848908573546297
 0.018759710351840153
-0.011482074778736964
-0.015983456300010898
 0.018584749135955019
 0.008422364718388989
-0.020455893994732424
 296.6208223998172570E-6
 0.015778238105175889
-0.005214280961380149
-0.006801189117782054
 0.002517682473345282
-0.001166607527109034
 0.008154225982576637
 0.001942750687594447
-0.022775954342771611
 0.008523997750936443
 0.034030984880035302
-0.029695099760590552
-0.034177682651011503
 0.055782853093449249
 0.018546255028801823
-0.077414870844732683
 0.011882356614128710
 0.085109018486102916
-0.050074849327218410
-0.073171990342647653
 0.085084411176497884
 0.042347302734787144
-0.105978590206008944
 0.000000000000000000
 0.105978590206008944
-0.042347302734787144
-0.085084411176497884
 0.073171990342647653
 0.050074849327218410
-0.085109018486102916
-0.011882356614128710
 0.077414870844732683
-0.018546255028801823
-0.055782853093449249
 0.034177682651011503
 0.029695099760590552
-0.034030984880035302
-0.008523997750936443
 0.022775954342771611
-0.001942750687594447
-0.008154225982576637
 0.001166607527109034
-0.002517682473345282
 0.006801189117782054
 0.005214280961380149
-0.015778238105175889
-296.6208223998172570E-6
 0.020455893994732424
-0.008422364718388989
-0.018584749135955019
 0.015983456300010898
 0.011482074778736964
-0.018759710351840153
-0.002848908573546297
 0.015965887919427078
-0.003346833480042136
-0.009629519674406881
 0.004821852816235856
 0.003231756003604474
-0.001867444320420995
 174.4348631186296070E-6
-0.003115563412598682
 594.6918339324498670E-6
 0.007051840659603450
-0.004497740299725156
-0.007787942897513929
 0.009046599687097433
 0.005051650255280247
-0.011711035071914179
-372.7391538686232480E-6
 0.011188574248887298
-0.003883590949299368
-0.007924794274269958
 0.005796669011131032
 0.003703663889422100
-0.004812747026011430
-608.5353579814817520E-6
 0.001884671228266614
-61.31448778566729630E-6
 0.001162451368417944
-0.001630868166747044
-0.002643127562646453
 0.004427808574424123
 0.001852772315001545
-0.006635565315907659
 670.9283052802500150E-6
 0.007029095086895917
-0.003543449480678220
-0.005432031181391457
 0.005322113566775951
 0.002706698220291865
-0.005249346150699101
-215.0616500672342110E-6
 0.003575849848801461
-924.7701028545163810E-6
-0.001338008891732085
 387.6090589437517910E-6
-245.8598902667837360E-6
 0.001266905406845135
 416.0853943601568970E-6
-0.002964217947879926
 782.4650504156721810E-6
 0.003714294394756084
-0.002599248006719400
-0.003111940017442276
 0.004029837548529818
 0.001490371429515397
-0.004356071502086729
 318.7782612544548900E-6
 0.003488875921283188
-0.001459266748854179
-0.001955810700677210
 0.001492564155753233
 572.7062717345390870E-6
-584.0669520820802060E-6
 2.263176541042261740E-6
-638.7733305363605040E-6
 408.4430325114144580E-6
 0.001452696442271159
-0.001456501662430127
-0.001419575717193284
 0.002497418353956197
 584.4233382640062470E-6
-0.002950821910249515
 594.2441273159250840E-6
 0.002593278143436324
-0.001520304181683660
-0.001639133436935974
 0.001780211810085821
 588.0681457487910390E-6
-0.001338120766502658
 59.49129535770353530E-6
 517.4555661034976310E-6
-59.49570513269223680E-6
 200.7178504125636780E-6
-475.9752219546640500E-6
-440.5300096135066500E-6
 0.001172247330317949
 113.7400097701226120E-6
-0.001611414105375999
 564.2966202746417820E-6
 0.001551782581977644
-0.001216605880587458
-0.001034220399895321
 0.001515268996932451
 332.0854346715692600E-6
-0.001345115025058264
 213.3620213763677500E-6
 840.8703423842960090E-6
-375.3168513549263710E-6
-291.7924533469102360E-6
 145.6711620953262810E-6
-23.10919897657930020E-6
 284.3487515007015530E-6
-23.04969940470140700E-6
-643.9838328790860940E-6
 356.7284005165308260E-6
 730.6139597598729550E-6
-763.9978975027579510E-6
-506.1656982827945510E-6
 0.001016125556824149
 98.21780323972193120E-6
-988.7573362643081510E-6
 284.1753397720139560E-6
 714.0160010164590860E-6
-467.0054586025264600E-6
-346.2548136335592520E-6
 396.4951839632184370E-6
 68.95607031792648910E-6
-152.6785155623967680E-6
 2.500212180901714820E-6
-107.3061748749053950E-6
 128.3340763962366400E-6
 238.7754510281584430E-6
-355.2285271561017910E-6
-181.9273976261676750E-6
 536.2364932268511670E-6
-18.06646717325822490E-6
-570.7925267714798560E-6
 247.2752933626743470E-6
 446.0548022870209480E-6
-389.9778348268634430E-6
-232.4713555329278170E-6
 388.1249099214506940E-6
 37.21229624282341320E-6
-263.6770638823662130E-6
 55.25289363804235170E-6
 97.07729899353867610E-6
-23.24841438801895420E-6
 21.41065486852047780E-6
-89.42534259608406440E-6
-38.95132755958237420E-6
 204.6666875695354410E-6
-38.10088436932567650E-6
-254.5769583748914900E-6
 155.6722893688672400E-6
 214.6456729736587760E-6
-246.2565138385849930E-6
-110.1391762485242790E-6
 265.2712820993574500E-6
-3.857938543213734750E-6
-210.5428365343205140E-6
 74.79454969206420860E-6
 117.3193745765770050E-6
-79.03278197625701300E-6
-34.89442984729798520E-6
 29.59456720032743250E-6
-488.0012008465344020E-9
 35.95553338330341120E-6
-17.99379374119499530E-6
-78.31536632450325900E-6
 68.86748380260630140E-6
 76.63196692317333710E-6
-117.7460141267237500E-6
-36.12957467575081690E-6
 136.8692746817319230E-6
-18.76711448346542710E-6
-118.1416781422810520E-6
 59.99011870642725340E-6
 74.02704021568854390E-6
-70.69728241038673390E-6
-27.81507454685605300E-6
 51.94921869242486420E-6
 1.907253474248068240E-18
-19.13704850278508470E-6
 1.598817756232995710E-6
-8.275388174147739310E-6
 16.44834667668455450E-6
 17.29000673515360020E-6
-39.09328044783984520E-6
-6.745560456649338120E-6
 51.97277897390076620E-6
-14.31031237163659850E-6
-48.54306925383227170E-6
 33.14446424712257060E-6
 31.89987171618025030E-6
-40.50839100400718000E-6
-11.34134865334206310E-6
 34.65560120258322030E-6
-3.564229264736056280E-6
-20.74867503590432350E-6
 7.877482288890334420E-6
 6.861282655054736780E-6
-2.840396299007385220E-6
 691.5879550310380640E-9
-6.042713845139500610E-6
-156.3188855280431260E-9
 12.69524688517437380E-6
-5.779712876208672690E-6
-13.65660710751442860E-6
 12.35004988246293860E-6
 9.231042388915881250E-6
-15.60732202453080750E-6
-2.449867823108029530E-6
 14.23931441048180880E-6
-3.125536598423359620E-6
-9.606257674837056730E-6
 5.353328403996590270E-6
 4.392389809499565700E-6
-4.255955492447041520E-6
-904.2563791162803000E-9
 1.460206741523825790E-6
-7.189508365544981850E-9
 1.052495711453799830E-6
-1.010840888498926390E-6
-2.052604971120906010E-6
 2.563678046190011270E-6
 1.476138800895895110E-6
-3.445839560069502210E-6
-108.8275406245647190E-9
 3.211645350629620310E-6
-1.090232068054358020E-6
-2.172489802090062480E-6
 1.556803812718693170E-6
 985.0111607253153350E-9
-1.300115594444192000E-6
-177.3761791873216680E-9
 706.9340515661435800E-9
-101.2657009183351140E-9

