-3.507172791943593550E-6
-15.77553144627150770E-6
-21.48266938717859630E-6
-13.16904679673413270E-6
 15.06890668155120490E-6
 42.39592359118791620E-6
 35.67390330339738110E-6
-18.20255108429127230E-6
-81.68254569669846890E-6
-83.72880449603283640E-6
 11.17111329857678120E-6
 140.5324223018276370E-6
 169.7105097524401170E-6
 18.07531414640962810E-6
-220.4492575743256280E-6
-310.2451927644534640E-6
-88.01434573466283950E-6
 319.0097159947004570E-6
 524.5173456672320070E-6
 224.7609230907610820E-6
-427.4094683264592050E-6
-832.7132554746915500E-6
-462.8605393752400230E-6
 527.9132324523083070E-6
 0.001253896128424990
 845.6031238470485500E-6
-591.2323200525235050E-6
-0.001803471708301287
-0.001424959839319189
 574.0009321289628590E-6
 0.002490459826237241
 0.002261466175080441
-416.0442638323658570E-6
-0.003314849884479907
-0.003424710962184576
 37.09896609511708480E-6
 0.004265423007048223
 0.004995710870510345
 668.2662712434275820E-6
-0.005318732546172992
-0.007074233148675010
-0.001840909141848907
 0.006438965444853757
 0.009796061485420355
 0.003679114926854312
-0.007579344008017787
-0.013372943055015494
-0.006489310926429928
 0.008685166859028346
 0.018189069168062386
 0.010814059265151655
-0.009697471243640584
-0.025057715817156889
-0.017797790290253211
 0.010558242711936261
 0.036057897777166864
 0.030505256607404871
-0.011215294810466649
-0.058375737071454097
-0.061184601780759663
 0.011627287887033638
 0.142689649858044415
 0.269289730620481393
 0.321565661656192492
 0.269289730620481393
 0.142689649858044415
 0.011627287887033638
-0.061184601780759663
-0.058375737071454097
-0.011215294810466649
 0.030505256607404871
 0.036057897777166864
 0.010558242711936261
-0.017797790290253211
-0.025057715817156889
-0.009697471243640584
 0.010814059265151655
 0.018189069168062386
 0.008685166859028346
-0.006489310926429928
-0.013372943055015494
-0.007579344008017787
 0.003679114926854312
 0.009796061485420355
 0.006438965444853757
-0.001840909141848907
-0.007074233148675010
-0.005318732546172992
 668.2662712434275820E-6
 0.004995710870510345
 0.004265423007048223
 37.09896609511708480E-6
-0.003424710962184576
-0.003314849884479907
-416.0442638323658570E-6
 0.002261466175080441
 0.002490459826237241
 574.0009321289628590E-6
-0.001424959839319189
-0.001803471708301287
-591.2323200525235050E-6
 845.6031238470485500E-6
 0.001253896128424990
 527.9132324523083070E-6
-462.8605393752400230E-6
-832.7132554746915500E-6
-427.4094683264592050E-6
 224.7609230907610820E-6
 524.5173456672320070E-6
 319.0097159947004570E-6
-88.01434573466283950E-6
-310.2451927644534640E-6
-220.4492575743256280E-6
 18.07531414640962810E-6
 169.7105097524401170E-6
 140.5324223018276370E-6
 11.17111329857678120E-6
-83.72880449603283640E-6
-81.68254569669846890E-6
-18.20255108429127230E-6
 35.67390330339738110E-6
 42.39592359118791620E-6
 15.06890668155120490E-6
-13.16904679673413270E-6
-21.48266938717859630E-6
-15.77553144627150770E-6
-3.507172791943593550E-6

