-2.850507985928314890E-6
-9.246392908856991610E-6
 5.093666089078658030E-6
 812.4564118862032270E-9
-10.23599385221021050E-6
 18.66557015280142910E-6
-17.85140153400260490E-6
 1.569372453438463210E-6
 27.41840587454558080E-6
-54.06188950645123730E-6
 56.00624057784937550E-6
-17.20326511778047160E-6
-56.21434965096858600E-6
 129.0278263873756260E-6
-148.5502148825816280E-6
 74.72319873473334440E-6
 85.27088033900611210E-6
-260.9004993332875980E-6
 340.1562143680842500E-6
-229.3374575005452980E-6
-75.86276249789563050E-6
 452.5795751658329780E-6
-684.3492202750441040E-6
 569.2032576707459840E-6
-56.33424916545259720E-6
-669.0161608651822010E-6
 0.001225037581100181
-0.001211619211318302
 456.3833819001614530E-6
 807.5079896502531940E-6
-0.001964437045486201
 0.002283934495932697
-0.001335106916802693
-667.9938302300356550E-6
 0.002820657231079662
-0.003888529710456769
 0.002959993534298529
-70.63911277331358460E-6
-0.003581763944390904
 0.006058347127625346
-0.005637520235938367
 0.001870972677871826
 0.003858771470456602
-0.008715905154444490
 0.009712626538535728
-0.005387456253554891
-0.003017041046923811
 0.011653503547799921
-0.015659550716388620
 0.011666019949783580
-20.87072300984740990E-6
-0.014546777614216149
 0.024508651404141633
-0.022982749374920595
 0.007614515094583276
 0.017007823537382713
-0.039882584956105124
 0.047322726708676315
-0.028624650134087465
-0.018664899512443468
 0.086311769555858842
-0.157170538254323616
 0.210789452850947856
 0.769249842897208991
 0.210789452850947856
-0.157170538254323616
 0.086311769555858842
-0.018664899512443468
-0.028624650134087465
 0.047322726708676315
-0.039882584956105124
 0.017007823537382713
 0.007614515094583276
-0.022982749374920595
 0.024508651404141633
-0.014546777614216149
-20.87072300984740990E-6
 0.011666019949783580
-0.015659550716388620
 0.011653503547799921
-0.003017041046923811
-0.005387456253554891
 0.009712626538535728
-0.008715905154444490
 0.003858771470456602
 0.001870972677871826
-0.005637520235938367
 0.006058347127625346
-0.003581763944390904
-70.63911277331358460E-6
 0.002959993534298529
-0.003888529710456769
 0.002820657231079662
-667.9938302300356550E-6
-0.001335106916802693
 0.002283934495932697
-0.001964437045486201
 807.5079896502531940E-6
 456.3833819001614530E-6
-0.001211619211318302
 0.001225037581100181
-669.0161608651822010E-6
-56.33424916545259720E-6
 569.2032576707459840E-6
-684.3492202750441040E-6
 452.5795751658329780E-6
-75.86276249789563050E-6
-229.3374575005452980E-6
 340.1562143680842500E-6
-260.9004993332875980E-6
 85.27088033900611210E-6
 74.72319873473334440E-6
-148.5502148825816280E-6
 129.0278263873756260E-6
-56.21434965096858600E-6
-17.20326511778047160E-6
 56.00624057784937550E-6
-54.06188950645123730E-6
 27.41840587454558080E-6
 1.569372453438463210E-6
-17.85140153400260490E-6
 18.66557015280142910E-6
-10.23599385221021050E-6
 812.4564118862032270E-9
 5.093666089078658030E-6
-9.246392908856991610E-6
-2.850507985928314890E-6

