 5.393482570306968430E-6
 15.64679563765125180E-6
 22.93663776932331900E-6
 28.86626967738518700E-6
 20.54779405391214910E-6
-2.288110385773533650E-6
-39.23298587346396000E-6
-75.30880798666581200E-6
-90.93540732765728760E-6
-65.19660686181518370E-6
 8.301252471678068900E-6
 113.1677453478977070E-6
 206.9862327906658950E-6
 234.6990069631775380E-6
 152.9871233462788500E-6
-40.38058109381813660E-6
-289.1616038728192850E-6
-486.0164673271111160E-6
-510.8544105945927640E-6
-289.5917221199088090E-6
 150.8482887438860300E-6
 662.4097906042551360E-6
 0.001012581710668425
 976.7145456032886840E-6
 454.7770151623983570E-6
-440.6758969903951310E-6
-0.001379089181305225
-0.001915319690868248
-0.001679237423409411
-578.9774069940651770E-6
 0.001080737714325994
 0.002646094534284217
 0.003345421236173618
 0.002634783670886300
 515.5028088177845120E-6
-0.002338282080082132
-0.004747581643115024
-0.005477142272858606
-0.003810411863881471
-2.814483876298471190E-6
 0.004628836802018469
 0.008099192436861264
 0.008543682062972605
 0.005114329121156527
-0.001414617899268390
-0.008669854161797394
-0.013443874493752915
-0.012995946861711939
-0.006401890152498525
 0.004645632759308542
 0.016047748146366572
 0.022619742512552526
 0.020156309895600778
 0.007499035098230087
-0.012255206008048936
-0.032042059019630642
-0.042735102958862181
-0.036163199978419928
-0.008238637300808512
 0.038956895311664561
 0.096999808864955281
 0.153100481533558375
 0.193693830550824564
 0.208499859904635793
 0.193693830550824564
 0.153100481533558375
 0.096999808864955281
 0.038956895311664561
-0.008238637300808512
-0.036163199978419928
-0.042735102958862181
-0.032042059019630642
-0.012255206008048936
 0.007499035098230087
 0.020156309895600778
 0.022619742512552526
 0.016047748146366572
 0.004645632759308542
-0.006401890152498525
-0.012995946861711939
-0.013443874493752915
-0.008669854161797394
-0.001414617899268390
 0.005114329121156527
 0.008543682062972605
 0.008099192436861264
 0.004628836802018469
-2.814483876298471190E-6
-0.003810411863881471
-0.005477142272858606
-0.004747581643115024
-0.002338282080082132
 515.5028088177845120E-6
 0.002634783670886300
 0.003345421236173618
 0.002646094534284217
 0.001080737714325994
-578.9774069940651770E-6
-0.001679237423409411
-0.001915319690868248
-0.001379089181305225
-440.6758969903951310E-6
 454.7770151623983570E-6
 976.7145456032886840E-6
 0.001012581710668425
 662.4097906042551360E-6
 150.8482887438860300E-6
-289.5917221199088090E-6
-510.8544105945927640E-6
-486.0164673271111160E-6
-289.1616038728192850E-6
-40.38058109381813660E-6
 152.9871233462788500E-6
 234.6990069631775380E-6
 206.9862327906658950E-6
 113.1677453478977070E-6
 8.301252471678068900E-6
-65.19660686181518370E-6
-90.93540732765728760E-6
-75.30880798666581200E-6
-39.23298587346396000E-6
-2.288110385773533650E-6
 20.54779405391214910E-6
 28.86626967738518700E-6
 22.93663776932331900E-6
 15.64679563765125180E-6
 5.393482570306968430E-6

