 3.621762899880463400E-6
 34.03500235457482150E-6
-22.50110291996757180E-6
-37.74317630064856390E-6
 110.4589974249566210E-6
-86.56908756734839020E-6
-93.40790162374509010E-6
 304.2684589149002360E-6
-273.5997231045640770E-6
-142.3897178738196200E-6
 672.9364408769763490E-6
-719.0357665871340490E-6
-78.97468260425264930E-6
 0.001250386930863119
-0.001612005441255954
 316.0158451035542840E-6
 0.001981299662002153
-0.003162597117333263
 0.001402449082030425
 0.002646616290398299
-0.005537033502094446
 0.003684247265496293
 0.002788117853075187
-0.008775468814594831
 0.007801453860118709
 0.001630332259262939
-0.012720577731744530
 0.014580531015800704
-0.002070521593236670
-0.016991041426418347
 0.025375569766840002
-0.010583028664794870
-0.021023766796990365
 0.043689599435596797
-0.029938086052129682
-0.024185471650593551
 0.085556181121473007
-0.093387131250583955
-0.025926203382160715
 0.563557586793587806
 0.563557586793587806
-0.025926203382160715
-0.093387131250583955
 0.085556181121473007
-0.024185471650593551
-0.029938086052129682
 0.043689599435596797
-0.021023766796990365
-0.010583028664794870
 0.025375569766840002
-0.016991041426418347
-0.002070521593236670
 0.014580531015800704
-0.012720577731744530
 0.001630332259262939
 0.007801453860118709
-0.008775468814594831
 0.002788117853075187
 0.003684247265496293
-0.005537033502094446
 0.002646616290398299
 0.001402449082030425
-0.003162597117333263
 0.001981299662002153
 316.0158451035542840E-6
-0.001612005441255954
 0.001250386930863119
-78.97468260425264930E-6
-719.0357665871340490E-6
 672.9364408769763490E-6
-142.3897178738196200E-6
-273.5997231045640770E-6
 304.2684589149002360E-6
-93.40790162374509010E-6
-86.56908756734839020E-6
 110.4589974249566210E-6
-37.74317630064856390E-6
-22.50110291996757180E-6
 34.03500235457482150E-6
 3.621762899880463400E-6

