-58.85710471054571260E-9
-132.0520864991748910E-9
 324.2364526028320600E-9
-16.66141778875072890E-9
-958.5152987124331500E-9
 1.429687859899258170E-6
 361.6757595575758160E-9
-3.865787881371788970E-6
 4.592833476620291400E-6
 1.839243081654958760E-6
-11.81691408665196440E-6
 12.33111325896754100E-6
 5.902272629155357110E-6
-30.44327863918332610E-6
 29.29358775284093850E-6
 15.11614489928116710E-6
-69.45599292910333130E-6
 63.46402779520704480E-6
 33.41736182439693440E-6
-144.3452686114500810E-6
 127.7261067507621990E-6
 66.25285162980630100E-6
-278.2395227713618060E-6
 241.7716356523235390E-6
 120.4454079038626160E-6
-503.7655054152793350E-6
 434.3031193737218130E-6
 203.6849280682125710E-6
-864.7796873437855540E-6
 745.5023326763972590E-6
 323.6028619479719740E-6
-0.001417995362006567
 0.001229863881912922
 486.4781968484079470E-6
-0.002234882097381559
 0.001959836811388266
 695.7279969577473370E-6
-0.003404914674456663
 0.003031488233503640
 950.4338160108159170E-6
-0.005042630131995922
 0.004575087417651315
 0.001244213819005236
-0.007303918108270125
 0.006777427526838867
 0.001564747432904604
-0.010424249560382950
 0.009932906791387697
 0.001894182624773802
-0.014812408540529707
 0.014571304407478281
 0.002210510949794473
-0.021304976403408320
 0.021823978126188786
 0.002489809567060300
-0.032000371809723482
 0.034742372134351607
 0.002709060388153746
-0.054098735208906248
 0.065561910363974824
 0.002849110455298085
-0.138286166519203418
 0.273725287284971197
 0.669563940294584770
 0.273725287284971197
-0.138286166519203418
 0.002849110455298085
 0.065561910363974824
-0.054098735208906248
 0.002709060388153746
 0.034742372134351607
-0.032000371809723482
 0.002489809567060300
 0.021823978126188786
-0.021304976403408320
 0.002210510949794473
 0.014571304407478281
-0.014812408540529707
 0.001894182624773802
 0.009932906791387697
-0.010424249560382950
 0.001564747432904604
 0.006777427526838867
-0.007303918108270125
 0.001244213819005236
 0.004575087417651315
-0.005042630131995922
 950.4338160108159170E-6
 0.003031488233503640
-0.003404914674456663
 695.7279969577473370E-6
 0.001959836811388266
-0.002234882097381559
 486.4781968484079470E-6
 0.001229863881912922
-0.001417995362006567
 323.6028619479719740E-6
 745.5023326763972590E-6
-864.7796873437855540E-6
 203.6849280682125710E-6
 434.3031193737218130E-6
-503.7655054152793350E-6
 120.4454079038626160E-6
 241.7716356523235390E-6
-278.2395227713618060E-6
 66.25285162980630100E-6
 127.7261067507621990E-6
-144.3452686114500810E-6
 33.41736182439693440E-6
 63.46402779520704480E-6
-69.45599292910333130E-6
 15.11614489928116710E-6
 29.29358775284093850E-6
-30.44327863918332610E-6
 5.902272629155357110E-6
 12.33111325896754100E-6
-11.81691408665196440E-6
 1.839243081654958760E-6
 4.592833476620291400E-6
-3.865787881371788970E-6
 361.6757595575758160E-9
 1.429687859899258170E-6
-958.5152987124331500E-9
-16.66141778875072890E-9
 324.2364526028320600E-9
-132.0520864991748910E-9
-58.85710471054571260E-9

