-33.55733484947834460E-6
-78.02975900213948530E-6
-108.8033745367685020E-6
-51.98307672707973380E-6
 145.8225812785222790E-6
 430.0610677660365580E-6
 587.7112126646080700E-6
 335.3876097197343710E-6
-436.1083617537935880E-6
-0.001404226730911879
-0.001808965085783337
-881.2533123951267270E-6
 0.001434264064024477
 0.003978647384533122
 0.004703108903700671
 0.001978025301338509
-0.003770986847306831
-0.009375229813282187
-0.010227646795609394
-0.003390384029262643
 0.009272711594251901
 0.020454302218439243
 0.020755791981803676
 0.004993445912123781
-0.022138766451065498
-0.045289680947910929
-0.044542699519364029
-0.006183058588989406
 0.067628064178901798
 0.156418944783076663
 0.228807173331727398
 0.256679954079477690
 0.228807173331727398
 0.156418944783076663
 0.067628064178901798
-0.006183058588989406
-0.044542699519364029
-0.045289680947910929
-0.022138766451065498
 0.004993445912123781
 0.020755791981803676
 0.020454302218439243
 0.009272711594251901
-0.003390384029262643
-0.010227646795609394
-0.009375229813282187
-0.003770986847306831
 0.001978025301338509
 0.004703108903700671
 0.003978647384533122
 0.001434264064024477
-881.2533123951267270E-6
-0.001808965085783337
-0.001404226730911879
-436.1083617537935880E-6
 335.3876097197343710E-6
 587.7112126646080700E-6
 430.0610677660365580E-6
 145.8225812785222790E-6
-51.98307672707973380E-6
-108.8033745367685020E-6
-78.02975900213948530E-6
-33.55733484947834460E-6

