 2.160750052441424260E-6
 3.648186224356098960E-6
 3.445822412877863170E-6
 732.2430947792879580E-9
-3.897404018842062890E-6
-8.229696641128388280E-6
-9.285249511415289090E-6
-5.019084550926317330E-6
 3.979889570185791040E-6
 13.91381432414508800E-6
 19.06727726941033650E-6
 14.73163280210415850E-6
 420.7706302800592080E-9
-18.53547019443141150E-6
-32.46776242785289670E-6
-31.87452975617820530E-6
-13.06863336284031260E-6
 18.10625950598723220E-6
 47.18539143723296550E-6
 57.24046639376386740E-6
 37.97046884174595500E-6
-6.846939476828497460E-6
-58.21538399184609600E-6
-89.17018568679947070E-6
-78.13982493356586190E-6
-22.16121262636537640E-6
 57.53960167527778680E-6
 122.3120704997692770E-6
 133.8996700706151160E-6
 75.56783163395070350E-6
-34.54937392836251320E-6
-146.7474283623319590E-6
-200.9764975216331210E-6
-157.6011922231150490E-6
-22.54537693580154920E-6
 147.9095399573404850E-6
 268.8072484178397870E-6
 267.3927240209879410E-6
 124.2217348620480520E-6
-107.6964920801237470E-6
-319.6012459554529530E-6
-396.2247749021469190E-6
-276.2013198348951160E-6
 7.038045904731263570E-6
 328.7264812513672040E-6
 525.3416514399959850E-6
 475.4805100259904980E-6
 170.0738911217889890E-6
-266.8881545460216100E-6
-625.0679741819706120E-6
-706.5297668759590120E-6
-431.4145080348595230E-6
 104.3252327833880880E-6
 655.9430065449602120E-6
 938.5587718094519690E-6
 770.8974421711238850E-6
 183.1130222610593420E-6
-572.3764604907817100E-6
-0.001124803320314178
-0.001163480146946765
-606.5814794836496730E-6
 328.9651443825341060E-6
 0.001204660462830053
 0.001561773578059665
 0.001156536527852159
 110.8752507930002480E-6
-0.001109165882439915
-0.001895504402268842
-0.001796021504967041
-764.8315705343181890E-6
 769.8011359911288310E-6
 0.002074716433669463
 0.002456357178408999
 0.001621488231568698
-130.0131126010410870E-6
-0.001997102917869672
-0.003036495285473908
-0.002631580172529995
-841.7623851739508610E-6
 0.001559189377620872
 0.003406833203790789
 0.003702256374435917
 0.002139218908219556
-670.3413278896613290E-6
-0.003417543649620603
-0.004695497012803909
-0.003707226374384622
-732.1132323194208310E-6
 0.002910498106389902
 0.005430980168928636
 0.005434296016560735
 0.002668838580506597
-0.001732707838725774
-0.005692330906505094
-0.007149055875790528
-0.005107875006155807
-252.1731391883834590E-6
 0.005233570847864411
 0.008619546657320450
 0.007959569760689405
 0.003159724506582352
-0.003778912478491389
-0.009550689660902544
-0.011078544311067135
-0.007097484823281476
 0.001001069046517549
 0.009567537740895391
 0.014273235231507836
 0.012215147324632789
 0.003558905664803106
-0.008150159175040941
-0.017322412416431877
-0.018851330830367517
-0.010745039910665820
 0.004406893307656548
 0.019996948755053551
 0.028002818738977049
 0.022685780114853147
 0.003819819593988851
-0.022084188251343236
-0.043372296414092001
-0.047320015389505504
-0.025237597614341571
 0.023411707918403954
 0.089657265252500881
 0.157202345279923272
 0.207530925203019190
 0.226132793739245219
 0.207530925203019190
 0.157202345279923272
 0.089657265252500881
 0.023411707918403954
-0.025237597614341571
-0.047320015389505504
-0.043372296414092001
-0.022084188251343236
 0.003819819593988851
 0.022685780114853147
 0.028002818738977049
 0.019996948755053551
 0.004406893307656548
-0.010745039910665820
-0.018851330830367517
-0.017322412416431877
-0.008150159175040941
 0.003558905664803106
 0.012215147324632789
 0.014273235231507836
 0.009567537740895391
 0.001001069046517549
-0.007097484823281476
-0.011078544311067135
-0.009550689660902544
-0.003778912478491389
 0.003159724506582352
 0.007959569760689405
 0.008619546657320450
 0.005233570847864411
-252.1731391883834590E-6
-0.005107875006155807
-0.007149055875790528
-0.005692330906505094
-0.001732707838725774
 0.002668838580506597
 0.005434296016560735
 0.005430980168928636
 0.002910498106389902
-732.1132323194208310E-6
-0.003707226374384622
-0.004695497012803909
-0.003417543649620603
-670.3413278896613290E-6
 0.002139218908219556
 0.003702256374435917
 0.003406833203790789
 0.001559189377620872
-841.7623851739508610E-6
-0.002631580172529995
-0.003036495285473908
-0.001997102917869672
-130.0131126010410870E-6
 0.001621488231568698
 0.002456357178408999
 0.002074716433669463
 769.8011359911288310E-6
-764.8315705343181890E-6
-0.001796021504967041
-0.001895504402268842
-0.001109165882439915
 110.8752507930002480E-6
 0.001156536527852159
 0.001561773578059665
 0.001204660462830053
 328.9651443825341060E-6
-606.5814794836496730E-6
-0.001163480146946765
-0.001124803320314178
-572.3764604907817100E-6
 183.1130222610593420E-6
 770.8974421711238850E-6
 938.5587718094519690E-6
 655.9430065449602120E-6
 104.3252327833880880E-6
-431.4145080348595230E-6
-706.5297668759590120E-6
-625.0679741819706120E-6
-266.8881545460216100E-6
 170.0738911217889890E-6
 475.4805100259904980E-6
 525.3416514399959850E-6
 328.7264812513672040E-6
 7.038045904731263570E-6
-276.2013198348951160E-6
-396.2247749021469190E-6
-319.6012459554529530E-6
-107.6964920801237470E-6
 124.2217348620480520E-6
 267.3927240209879410E-6
 268.8072484178397870E-6
 147.9095399573404850E-6
-22.54537693580154920E-6
-157.6011922231150490E-6
-200.9764975216331210E-6
-146.7474283623319590E-6
-34.54937392836251320E-6
 75.56783163395070350E-6
 133.8996700706151160E-6
 122.3120704997692770E-6
 57.53960167527778680E-6
-22.16121262636537640E-6
-78.13982493356586190E-6
-89.17018568679947070E-6
-58.21538399184609600E-6
-6.846939476828497460E-6
 37.97046884174595500E-6
 57.24046639376386740E-6
 47.18539143723296550E-6
 18.10625950598723220E-6
-13.06863336284031260E-6
-31.87452975617820530E-6
-32.46776242785289670E-6
-18.53547019443141150E-6
 420.7706302800592080E-9
 14.73163280210415850E-6
 19.06727726941033650E-6
 13.91381432414508800E-6
 3.979889570185791040E-6
-5.019084550926317330E-6
-9.285249511415289090E-6
-8.229696641128388280E-6
-3.897404018842062890E-6
 732.2430947792879580E-9
 3.445822412877863170E-6
 3.648186224356098960E-6
 2.160750052441424260E-6

