 1.927771981761583710E-6
-4.510728240734155570E-6
-15.31907802352734650E-6
-20.07937566894741370E-6
-4.351527449440411030E-6
 25.92303194245556600E-6
 36.88287463901464490E-6
-231.1207375116047160E-9
-60.33137102320247890E-6
-68.14639664215184210E-6
 18.03244292430150960E-6
 124.5856829796269810E-6
 108.7910635130771910E-6
-67.82972301233300530E-6
-232.0549198119720700E-6
-147.6621136977937000E-6
 176.6139294970666640E-6
 392.7433132049521870E-6
 159.4783686391252500E-6
-379.5655000591105480E-6
-606.2605114381849490E-6
-100.0164755558293450E-6
 715.4886138201648010E-6
 852.4057058138114370E-6
-96.33597573626290970E-6
-0.001217739647475765
-0.001080765285324070
 514.6663229144471640E-6
 0.001900721207214824
 0.001201646030709959
-0.001251812815516515
-0.002743185381383770
-0.001080688923265213
 0.002402373257443985
 0.003670501480992899
 539.0133030144431810E-6
-0.004039621876103981
-0.004538448651328712
 641.1286306441234050E-6
 0.006194397113670877
 0.005120170950232804
-0.002708336881423586
-0.008835911545056961
-0.005093488503290364
 0.005941494089373106
 0.011860051691680347
 0.004018102503409980
-0.010677033850319512
-0.015088406472779056
-0.001266895816780304
 0.017418374895381672
 0.018281588587042267
-0.004196350369412497
-0.027193019429939493
-0.021165307770119539
 0.014618284088550022
 0.042875387635087581
 0.023466201014339789
-0.037269025554032643
-0.076469307478164078
-0.024951561444899476
 0.122810928860812574
 0.287161375579591815
 0.358798379940558965
 0.287161375579591815
 0.122810928860812574
-0.024951561444899476
-0.076469307478164078
-0.037269025554032643
 0.023466201014339789
 0.042875387635087581
 0.014618284088550022
-0.021165307770119539
-0.027193019429939493
-0.004196350369412497
 0.018281588587042267
 0.017418374895381672
-0.001266895816780304
-0.015088406472779056
-0.010677033850319512
 0.004018102503409980
 0.011860051691680347
 0.005941494089373106
-0.005093488503290364
-0.008835911545056961
-0.002708336881423586
 0.005120170950232804
 0.006194397113670877
 641.1286306441234050E-6
-0.004538448651328712
-0.004039621876103981
 539.0133030144431810E-6
 0.003670501480992899
 0.002402373257443985
-0.001080688923265213
-0.002743185381383770
-0.001251812815516515
 0.001201646030709959
 0.001900721207214824
 514.6663229144471640E-6
-0.001080765285324070
-0.001217739647475765
-96.33597573626290970E-6
 852.4057058138114370E-6
 715.4886138201648010E-6
-100.0164755558293450E-6
-606.2605114381849490E-6
-379.5655000591105480E-6
 159.4783686391252500E-6
 392.7433132049521870E-6
 176.6139294970666640E-6
-147.6621136977937000E-6
-232.0549198119720700E-6
-67.82972301233300530E-6
 108.7910635130771910E-6
 124.5856829796269810E-6
 18.03244292430150960E-6
-68.14639664215184210E-6
-60.33137102320247890E-6
-231.1207375116047160E-9
 36.88287463901464490E-6
 25.92303194245556600E-6
-4.351527449440411030E-6
-20.07937566894741370E-6
-15.31907802352734650E-6
-4.510728240734155570E-6
 1.927771981761583710E-6

