 1.073325245407876110E-6
 1.185071058246475410E-6
 1.079591705050987340E-6
 668.0266474451356090E-9
-114.8399409060445610E-9
-1.290201870226719730E-6
-2.816238461212050130E-6
-4.574120208219855320E-6
-6.362732948042673980E-6
-7.905373240961228730E-6
-8.870571595013050370E-6
-8.907508763610573870E-6
-7.694335419666138880E-6
-4.995316704921292760E-6
-720.4121956516945600E-9
 5.020968421069255780E-6
 11.88135334293442110E-6
 19.26098507930709050E-6
 26.32579943221675120E-6
 32.06256580192388840E-6
 35.37198977063455630E-6
 35.19544910776368600E-6
 30.66546194263562340E-6
 21.26466031321145420E-6
 6.973745243267069680E-6
-11.61358734248904770E-6
-33.23076271839393310E-6
-55.95255894272176530E-6
-77.29650587147541780E-6
-94.41564730999897390E-6
-104.3758375396435980E-6
-104.4986161299237750E-6
-92.73886275005421000E-6
-68.05645647660091410E-6
-30.73464761612778770E-6
 17.40379866516216370E-6
 72.92740108925049470E-6
 130.9078981397285020E-6
 185.2310179821958510E-6
 229.1024191368648530E-6
 255.7208106832977990E-6
 259.0655138446900310E-6
 234.7235390248360720E-6
 180.6647218401621730E-6
 97.86543948186687200E-6
-9.315867002876331070E-6
-133.0934823425633060E-6
-262.5950786391530870E-6
-384.6068435412420290E-6
-484.6972431710153160E-6
-548.6459358485326450E-6
-564.0586573530343910E-6
-522.0107915314060850E-6
-418.5372882990475320E-6
-255.7792274337962790E-6
-42.61079954924365860E-6
 205.3941028929295380E-6
 466.7404232205686870E-6
 715.5474815419535160E-6
 923.7699889331089480E-6
 0.001063947272600214
 0.001112244840959610
 0.001051490673116856
 873.8726853241513480E-6
 582.9607527209901720E-6
 194.7505789100481200E-6
-262.5019598493198600E-6
-749.7823290761434690E-6
-0.001220150178667263
-0.001622753898595345
-0.001907732379590394
-0.002031580673692091
-0.001962459330979603
-0.001684876051343878
-0.001203173239542903
-543.3213146487112230E-6
 247.3557113084891630E-6
 0.001102716341621847
 0.001942574912237195
 0.002679449770163298
 0.003226790039443198
 0.003507979852883740
 0.003465267507061325
 0.003067689907869129
 0.002317074851232268
 0.001251312011958126
-55.71457791119183160E-6
-0.001497856826718978
-0.002944077922100312
-0.004249083853808319
-0.005266457386754881
-0.005863219698898019
-0.005934503759098679
-0.005416893078984233
-0.004298981685020867
-0.002627856281118731
-510.4863113570743850E-6
 0.001890585464321562
 0.004367361005722873
 0.006681875095681069
 0.008586067536960828
 0.009844559165355708
 0.010258461338057223
 0.009688106938842044
 0.008072530344182706
 0.005443661333828626
 0.001933532766952924
-0.002226685672370183
-0.006716362754136612
-0.011143585045977112
-0.015070871345464278
-0.018046733999182961
-0.019640792192533643
-0.019479708342793927
-0.017281004351688469
-0.012881848153464343
-0.006260189568191374
 0.002453848226484302
 0.012977687644386187
 0.024887621812263991
 0.037641300908217525
 0.050610004089098132
 0.063118482230933706
 0.074489484167660894
 0.084089634881483508
 0.091373160633756126
 0.095920072405899684
 0.097465818911721708
 0.095920072405899684
 0.091373160633756126
 0.084089634881483508
 0.074489484167660894
 0.063118482230933706
 0.050610004089098132
 0.037641300908217525
 0.024887621812263991
 0.012977687644386187
 0.002453848226484302
-0.006260189568191374
-0.012881848153464343
-0.017281004351688469
-0.019479708342793927
-0.019640792192533643
-0.018046733999182961
-0.015070871345464278
-0.011143585045977112
-0.006716362754136612
-0.002226685672370183
 0.001933532766952924
 0.005443661333828626
 0.008072530344182706
 0.009688106938842044
 0.010258461338057223
 0.009844559165355708
 0.008586067536960828
 0.006681875095681069
 0.004367361005722873
 0.001890585464321562
-510.4863113570743850E-6
-0.002627856281118731
-0.004298981685020867
-0.005416893078984233
-0.005934503759098679
-0.005863219698898019
-0.005266457386754881
-0.004249083853808319
-0.002944077922100312
-0.001497856826718978
-55.71457791119183160E-6
 0.001251312011958126
 0.002317074851232268
 0.003067689907869129
 0.003465267507061325
 0.003507979852883740
 0.003226790039443198
 0.002679449770163298
 0.001942574912237195
 0.001102716341621847
 247.3557113084891630E-6
-543.3213146487112230E-6
-0.001203173239542903
-0.001684876051343878
-0.001962459330979603
-0.002031580673692091
-0.001907732379590394
-0.001622753898595345
-0.001220150178667263
-749.7823290761434690E-6
-262.5019598493198600E-6
 194.7505789100481200E-6
 582.9607527209901720E-6
 873.8726853241513480E-6
 0.001051490673116856
 0.001112244840959610
 0.001063947272600214
 923.7699889331089480E-6
 715.5474815419535160E-6
 466.7404232205686870E-6
 205.3941028929295380E-6
-42.61079954924365860E-6
-255.7792274337962790E-6
-418.5372882990475320E-6
-522.0107915314060850E-6
-564.0586573530343910E-6
-548.6459358485326450E-6
-484.6972431710153160E-6
-384.6068435412420290E-6
-262.5950786391530870E-6
-133.0934823425633060E-6
-9.315867002876331070E-6
 97.86543948186687200E-6
 180.6647218401621730E-6
 234.7235390248360720E-6
 259.0655138446900310E-6
 255.7208106832977990E-6
 229.1024191368648530E-6
 185.2310179821958510E-6
 130.9078981397285020E-6
 72.92740108925049470E-6
 17.40379866516216370E-6
-30.73464761612778770E-6
-68.05645647660091410E-6
-92.73886275005421000E-6
-104.4986161299237750E-6
-104.3758375396435980E-6
-94.41564730999897390E-6
-77.29650587147541780E-6
-55.95255894272176530E-6
-33.23076271839393310E-6
-11.61358734248904770E-6
 6.973745243267069680E-6
 21.26466031321145420E-6
 30.66546194263562340E-6
 35.19544910776368600E-6
 35.37198977063455630E-6
 32.06256580192388840E-6
 26.32579943221675120E-6
 19.26098507930709050E-6
 11.88135334293442110E-6
 5.020968421069255780E-6
-720.4121956516945600E-9
-4.995316704921292760E-6
-7.694335419666138880E-6
-8.907508763610573870E-6
-8.870571595013050370E-6
-7.905373240961228730E-6
-6.362732948042673980E-6
-4.574120208219855320E-6
-2.816238461212050130E-6
-1.290201870226719730E-6
-114.8399409060445610E-9
 668.0266474451356090E-9
 1.079591705050987340E-6
 1.185071058246475410E-6
 1.073325245407876110E-6

