  -0.0000017973145941959932
  0.0000015192228772549218
  0.000001078545116382568
  8.102884245344551E-7
  6.459811562557498E-7
  5.421842071778099E-7
  4.713378370340281E-7
  4.160376059514776E-7
  3.6545184149741167E-7
  3.1307315051488335E-7
  2.5531325687681836E-7
  1.905967231155698E-7
  1.1879156227569094E-7
  4.0822958663605184E-8
  -4.1600488954394326E-8
  -1.2619951256809E-7
  -2.1028696630308715E-7
  -2.9093122642552794E-7
  -3.6508995266665006E-7
  -4.297567673846352E-7
  -4.820879795922256E-7
  -5.19534086327007E-7
  -5.399578247835482E-7
  -5.417354924965966E-7
  -5.238541320905624E-7
  -4.859725150615034E-7
  -4.2847847649974665E-7
  -3.5250172113871807E-7
  -2.5991609862715346E-7
  -1.5330040959614497E-7
  -3.587749562034754E-8
  8.857547872059268E-8
  2.158379427277139E-7
  3.413907818039757E-7
  4.6056394696371275E-7
  5.686691429971953E-7
  6.614355887892454E-7
  7.339144892115499E-7
  7.852893198290905E-7
  8.060448294995172E-7
  8.057467431213669E-7
  7.693642933897959E-7
  7.06122601745209E-7
  6.171334814754272E-7
  4.991094574222387E-7
  3.567180168318113E-7
  1.9716593253694964E-7
  2.450508881182813E-8
  -1.578024884656038E-7
  -3.4353656436851497E-7
  -5.24561374607919E-7
  -6.933689645500219E-7
  -8.440115323766012E-7
  -9.71265788147831E-7
  -0.0000010697670483758582
  -0.000001134168335959807
  -0.0000011600576763163784
  -0.000001144730849996695
  -0.0000010873883051730499
  -9.888558923007605E-7
  -8.51245451955891E-7
  -6.778206529835153E-7
  -4.730703431375233E-7
  -2.4284617455381065E-7
  5.647096569711213E-9
  2.640424391518309E-7
  5.231858370487849E-7
  7.735681462989243E-7
  0.000001005749922875866
  0.0000012107181389393573
  0.0000013801815531409542
  0.0000015068231690775996
  0.0000015845443979367168
  0.0000016087273491111186
  0.000001576348540189946
  0.0000014865878145914847
  0.0000013398198473327378
  0.000001140413934911818
  8.912708633195084E-7
  6.026473766066623E-7
  2.802545474227256E-7
  -6.35732488937878E-8
  -4.171086778350133E-7
  -7.695445124987776E-7
  -0.0000011071181045889865
  -0.0000014166853668791632
  -0.0000016872001748326903
  -0.0000019075825761193936
  -0.000002067330872641297
  -0.000002158697705819211
  -0.000002176635504033308
  -0.0000021178307951896302
  -0.000001981162601499736
  -0.0000017687704578046608
  -0.000001486035511950685
  -0.0000011407948194687797
  -7.429478591962886E-7
  -3.046590415690459E-7
  1.5966209004466688E-7
  6.340175565428818E-7
  0.0000011017201144235068
  0.0000015460237413335672
  0.000001950441048117047
  0.0000022991448761401012
  0.0000025776204772129104
  0.000002773459515710826
  0.0000028769833935009344
  0.0000028815947557760467
  0.0000027839501778078826
  0.000002584117590844023
  0.0000022857578785333484
  0.0000018962209403588829
  0.0000014265173230121444
  8.908143240410807E-7
  3.064037316617309E-7
  -3.0790639526262294E-7
  -9.304342726492499E-7
  -0.000001540501102950956
  -0.000002114585097422358
  -0.0000026322739188664396
  -0.0000030726559406134514
  -0.000003417326130171023
  -0.0000036517392830881588
  -0.0000037636189200201296
  -0.000003745083871122548
  -0.000003593317318640281
  -0.0000033093651315996564
  -0.0000028989042226749084
  -0.0000023729613022494885
  -0.0000017468334357923906
  -0.0000010394301406546224
  -2.7345213835564487E-7
  5.25289337862749E-7
  0.0000013293413593191238
  0.0000021105036655707406
  0.0000028403362383399966
  0.000003491166783675892
  0.000004037483153951864
  0.000004456941098759689
  0.0000047309309257335984
  0.0000048452595662746615
  0.000004791020985058606
  0.000004565256323933014
  0.000004171092833660933
  0.0000036176236350055288
  0.0000029197822491718006
  0.000002098149490845976
  0.00000117843537252281
  1.9058531480111617E-7
  -8.3227897629815E-7
  -0.0000018549520768537851
  -0.0000028411253737827425
  -0.000003754822280339261
  -0.000004561261466203922
  -0.000005229140727430669
  -0.0000057303443186040286
  -0.000006043167686152843
  -0.000006150481649143843
  -0.000006043233643863585
  -0.000005719015275585536
  -0.000005183077720414675
  -0.000004449050151540415
  -0.0000035372682269569026
  -0.0000024750920604953028
  -0.0000012963353106785386
  -3.9390321764519296E-8
  0.0000012534383863477069
  0.0000025370020383840807
  0.000003765538851006299
  0.000004894195935643056
  0.000005880176701149237
  0.0000066846015134489234
  0.000007274257923525807
  0.0000076225547341519586
  0.000007710531465660554
  0.000007528083952403936
  0.000007074633505587319
  0.00000635912075301049
  0.000005399881333687868
  0.00000422446994533203
  0.000002868937549263939
  0.0000013765894051629353
  -2.034095021455626E-7
  -0.0000018174452558817218
  -0.000003409166768047814
  -0.00000492155693470283
  -0.0000062990550392889945
  -0.000007489499861309138
  -0.000008445935999459739
  -0.000009128490520836787
  -0.00000950594533092088
  -0.000009557342136426464
  -0.00000927240496824326
  -0.00000865294360431149
  -0.000007711943510482169
  -0.0000064750437027536986
  -0.000004978195677780673
  -0.0000032681351514818226
  -0.0000013999825923777766
  5.64377865068563E-7
  0.000002557609212753955
  0.0000045100599233961105
  0.0000063517303901943306
  0.00000801457356737055
  0.0000094355485051587
  0.000010558557147180785
  0.00001133639122921538
  0.000011733130830191969
  0.000011725543811030299
  0.00001130396223266162
  0.000010473244230968346
  0.000009252984353840203
  0.000007676845416893266
  0.0000057918243868018026
  0.000003657159138692061
  0.000001342363460404657
  -0.0000010751492396146138
  -0.0000035124739517402482
  -0.000005883922255243871
  -0.000008104153305130066
  -0.000010091233365470613
  -0.000011769472103993296
  -0.000013072220276935934
  -0.000013944595219432547
  -0.000014345756155376002
  -0.000014250551542703425
  -0.000013650719817083409
  -0.000012555629533897453
  -0.000010992493623645647
  -0.000009005602347382348
  -0.000006655378432993019
  -0.000004016180503132066
  -0.000001174784841357238
  0.0000017734105092120745
  0.000004726495368862288
  0.000007580658447642468
  0.00001023284098586808
  0.000012584774312872772
  0.000014546768810096026
  0.000016040574483633633
  0.000017002997441529952
  0.000017388177497952016
  0.000017169369191329375
  0.000016340791479093178
  0.000014918078148174537
  0.000012938034199333241
  0.000010458123831670445
  0.000007554718619828398
  0.000004320692524930588
  8.627935241094321E-7
  -0.000002701861300034355
  -0.000006249962150859833
  -0.000009656087017306044
  -0.000012796965805324492
  -0.000015556050037951086
  -0.00001782776867010775
  -0.000019521359849412026
  -0.000020564467827418923
  -0.000020906238567151527
  -0.000020519469084723113
  -0.00001940198152325277
  -0.000017577345097794634
  -0.000015094679131791256
  -0.000012027384552799152
  -0.00000847099928003936
  -0.000004540382281097191
  -3.660602862715591E-7
  0.00000391002204726362
  0.000008139473940518662
  0.000012172185216441752
  0.000015862015702140385
  0.000019071478892622536
  0.00002167762254326736
  0.000023575781146849923
  0.00002468434883561212
  0.000024947668470423628
  0.000024338716472198583
  0.00002286090496105069
  0.00002054808549369101
  0.000017464372467842296
  0.000013702445980892435
  0.000009380671132200946
  0.000004639740844800053
  -3.6201106358933354E-7
  -0.000005453941441926515
  -0.000010458551436606015
  -0.000015197759309682623
  -0.000019499329044880018
  -0.000023202886079873783
  -0.000026165842486573714
  -0.000028268909281847656
  -0.000029420617319550963
  -0.000029561101018621728
  -0.000028665029887114994
  -0.00002674311022126403
  -0.00002384231509833782
  -0.000020045057016836607
  -0.000015467066991450035
  -0.000010253863126789882
  -0.000004576202617666552
  0.000001375350699773982
  0.000007396788448748137
  0.000013277639081784678
  0.00001880821267014236
  0.000023786928919694124
  0.000028027720532405324
  0.00003136684795431357
  0.00003366923960958841
  0.00003483344930912652
  0.00003479636619132023
  0.00003353568667690191
  0.00003107208770971252
  0.000027468685415807504
  0.000022830153565676102
  0.000017299621855641635
  0.000011054297480622517
  0.000004300124654252624
  -0.000002735246168640738
  -0.000009809777855133553
  -0.00001667533669831656
  -0.000023086567642158232
  -0.00002880934027356789
  -0.00003362924664914836
  -0.00003735965052793817
  -0.00003984861438869419
  -0.00004098504486226891
  -0.000040703444024531823
  -0.00003898688920819572
  -0.00003586860560290023
  -0.00003143187484631769
  -0.000025807899223553843
  -0.00001917205519869961
  -0.000011738674208622943
  -0.000003754152266586848
  0.000004511160181030474
  0.000012771950469069754
  0.000020737741247229664
  0.0000281231216697987
  0.000034657810544335816
  0.00004009637358212764
  0.000044227420477280146
  0.00004688171327462504
  0.00004793884629773206
  0.00004733232593636684
  0.00004505302281558873
  0.00004115040061365967
  0.00003573201083352967
  0.000028960498639226278
  0.000021049313800723848
  0.000012255611899629096
  0.0000028724490018515633
  -0.00000678127635759291
  -0.000016371250826362965
  -0.000025559363216994557
  -0.000034015703758055336
  -0.00004143002397377494
  -0.00004752323026016872
  -0.000052057636740726185
  -0.00005484606101383313
  -0.00005575948278407128
  -0.000054732421502703485
  -0.00005176641388290823
  -0.00004693129611634996
  -0.00004036376684698081
  -0.00003226380981108826
  -0.000022888861954151417
  -0.000012545674958270553
  -0.0000015804356574996868
  0.000009632668844618969
  0.000020704253235641248
  0.00003124312747976519
  0.000040869894595913174
  0.000049230611393149054
  0.00005600972190278802
  0.00006094173337964995
  0.00006382142805340293
  0.00006451218073840221
  0.00006295189723955205
  0.000059156473621633876
  0.00005322065882066531
  0.00004531603257266097
  0.00003568626126232522
  0.000024639773968446017
  0.000012540149224536192
  -2.0593385651006077E-7
  -0.000013162070247560602
  -0.000025877190388442228
  -0.000037900792612317264
  -0.000048799225969894575
  -0.00005817085527094886
  -0.00006566098990942988
  -0.00007097499679904569
  -0.00007388967306406082
  -0.00007426242977010594
  -0.00007203740502379127
  -0.00006724910693647466
  -0.00006002267665703859
  -0.000050570900529982004
  -0.00003918831334498953
  -0.000026242116435543438
  -0.000012160514974545963
  0.0000025812101019667967
  0.00001747679588317673
  0.000032006216004498486
  0.000045653628403747195
  0.000057925677287264736
  0.00006836919077801343
  0.0000765876948435167
  0.00008225634626101667
  0.00008513450541558081
  0.00008507549863431673
  0.00008203339841361104
  0.00007606626177645514
  0.00006733571178652324
  0.000056103013874672266
  0.00004272156899481095
  0.000027625906839128404
  0.00001131771014095613
  -0.0000056506397748526795
  -0.00002269467842534813
  -0.00003921786167079184
  -0.000054632344935397785
  -0.00006837968113993176
  -0.00007995109694743765
  -0.00008890590782737846
  -0.00009488831750872017
  -0.00009764099997334975
  -0.00009701605160815435
  -0.00009298160408345639
  -0.00008562495300481163
  -0.00007515136665532172
  -0.00006187868719037345
  -0.00004622808450522624
  -0.00002871070276943958
  -0.000009911290184624602
  0.000009531184036964148
  0.00002894521827968084
  0.0000476497143752993
  0.00006497779450929482
  0.00008030047745140201
  0.00009304925034616171
  0.00010273705590449672
  0.00010897660998888942
  0.00011149551001008857
  0.0001101476978363207
  0.00010492050797536582
  0.00009593708316383273
  0.00008345422964467717
  0.00006785549014686286
  0.00004963956670181857
  0.00002940465041300202
  0.000007828944451999689
  -0.000014351950437405663
  -0.000036369915251333195
  -0.00005745076451088242
  -0.00007684138413986611
  -0.00009383645589737802
  -0.00010780386608344911
  -0.0001182080826563589
  -0.00012463039375060548
  -0.00012678537618989743
  -0.0001245328275744772
  -0.00011788508549435594
  -0.00010700867029755646
  -0.00009222099834845434
  -0.00007398127173379455
  -0.0000528767445085625
  -0.000029603833714297212
  -0.000004945457086372741
  0.000020255110779060416
  0.00004512306339772133
  0.00006878214108088327
  0.00009038545452413241
  0.00010914552800293156
  0.00012436281513043197
  0.0001354516449271618
  0.00014196233348325567
  0.00014359899633145548
  0.0001402322720583281
  0.00013190622189729112
  0.00011883940669528021
  0.00010141977849512257
  0.00008019352031875124
  0.00005584828074719336
  0.00002919110910532888
  0.0000011218614501897476
  -0.000027396924527035173
  -0.00005537287926203356
  -0.00008181824588980836
  -0.0001057844982153518
  -0.00012639615631745198
  -0.0001428826063100288
  -0.00015460661953785014
  -0.00016108861770956098
  -0.00016202578591280713
  -0.00015730521862312297
  -0.00014701058812865457
  -0.00013142213504348905
  -0.00011100961087055781
  -0.00008641855388285043
  -0.00005845010160457341
  -0.000028035326263810072
  0.000003795789788506462
  0.00003594882479212439
  0.00006730253988351039
  0.00009674761921193407
  0.0001232258760064766
  0.0001457680180597253
  0.0001635288248421071
  0.00017581866517131102
  0.00018212972683570878
  0.0001821564818103374
  0.0001758092312167502
  0.0001632202648196048
  0.00014474240685690874
  0.00012093967953399934
  0.00009257054498292763
  0.00006056412929540301
  0.00002598993542913218
  -0.000009977625956426286
  -0.000046098895401281133
  -0.0000811115305956899
  -0.00011377438471448318
  -0.0001429113088607719
  -0.0001674533026259007
  -0.00018647741202996472
  -0.00019924109916732419
  -0.00020521081636913884
  -0.00020408352265186
  -0.00019580050043585423
  -0.0001805528481392202
  -0.00015877818072105947
  -0.00013114868307950841
  -0.00009855083217498209
  -0.0000620572865542923
  -0.000022891813214649593
  0.000017611450469009247
  0.00005805328295688177
  0.00009701743011495712
  0.00013312006548718677
  0.00016505856026076
  0.00019165845578873205
  0.0002119161219016668
  0.00022503637377672834
  0.00023046305958284043
  0.00022790187544126814
  0.00021733419904203304
  0.00019902139388077927
  0.00017349958015925836
  0.00014156444466414494
  0.00010424693658625795
  0.00006278033896298044
  0.0000185597609990494
  -0.000026904487974422038
  -0.00007203828202110244
  -0.0001152579564076859
  -0.00015502558570602859
  -0.0001899035325566753
  -0.00021860607065361993
  -0.0002400464155118934
  -0.0002533775091005374
  -0.0002580248448587393
  -0.0002537101897640988
  -0.00024046529229339233
  -0.00021863487846187572
  -0.0001888687378448926
  -0.0001521030522066819
  -0.00010953134735837731
  -0.00006256612482865585
  -0.000012792358505948683
  0.00003808576934855265
  0.00008830296052018273
  0.00013609376714448484
  0.00017975441056020293
  0.0002177032871508751
  0.00024853785562467393
  0.00027108615100522165
  0.0002844507737678778
  0.00028804400273952106
  0.00028161226397070937
  0.0002652495632622045
  0.00023939854513636437
  0.00020483968183712396
  0.00016266830288717634
  0.00011426035868694501
  0.00006122791753778737
  0.000005365753306904225
  -0.00005140897050122809
  -0.00010712234136415397
  -0.00015981202157222725
  -0.0002075960420948801
  -0.0002487397486654389
  -0.00028171837559294734
  -0.0003052731343382103
  -0.0003184587232218273
  -0.00032068039277267566
  -0.0003117193319987002
  -0.000291745124959779
  -0.00026131478764436896
  -0.00022135830191101602
  -0.00017315081653624227
  -0.00011827243691046363
  -0.000058556877981449316
  0.000003969474452081208
  0.00006715603925263243
  0.00012880166307217058
  0.0001867310137670562
  0.00023887101894618548
  0.00028332468252962293
  0.0003184397542968108
  0.0003428696281517966
  0.00035562430295737194
  0.00035610956179129893
  0.0003441528335657808
  0.0003200144865174124
  0.00028438427780121003
  0.000238362583853066
  0.0001834271900760855
  0.00012138621557390028
  0.000054319206866141465
  -0.00001549234527942271
  -0.00008564218708088785
  -0.00015368193044548405
  -0.0002172061889429916
  -0.00027393720704820164
  -0.00032180620906387185
  -0.0003590283062320467
  -0.0003841685863445517
  -0.0003961966464831688
  -0.00039452765561569117
  -0.0003790484583248467
  -0.0003501274134709583
  -0.00030860750395758955
  -0.00025578281144458527
  -0.0001933588468629053
  -0.00012339808505742385
  -0.00004825225642948905
  0.00002951633018601897
  0.00010722173711167817
  0.00018214681737340675
  0.00025163785487848704
  0.0003131981294543157
  0.00036457719995081994
  0.0004038526880596495
  0.00042950152493815744
  0.00044045818130659725
  0.0004361576113650565
  0.00041656117353766327
  0.00038216452422214003
  0.0003339868797199859
  0.00027354184323026315
  0.0002027905903991627
  0.0001240788453556424
  0.000040059513006785656
  -0.00004639618831263053
  -0.0001322964984553165
  -0.0002146321562015302
  -0.0002904815385874775
  -0.0003571137285776539
  -0.00041208646081832874
  -0.00045333499862211334
  -0.00047924895272179934
  -0.000488734215446911
  -0.00048125748836784244
  -0.00045687186937369513
  -0.00041622211190233126
  -0.0003605293977869681
  -0.00029155568819895196
  -0.00021154872414062004
  -0.00012316945114783538
  -0.000029404023810887644
  0.0000665366345767538
  0.00016132626100473025
  0.0002516381550029808
  0.0003342614509410856
  0.0004062147804491479
  0.00046485329313119487
  0.0005079651667110796
  0.0005338542300042067
  0.0005414055541910406
  0.0005301314844566971
  0.0005001963303960258
  0.0004524185902186387
  0.00038825027993491003
  0.00030973391961938604
  0.00021943835036093178
  0.00012037531505038258
  0.000015899622315323816
  -0.0000904039244962809
  -0.0001948430165078714
  -0.0002937455840386073
  -0.0003835883339719175
  -0.0004611217603712305
  -0.0005234869263070135
  -0.0005683202088868856
  -0.0005938418308701994
  -0.000598925249615554
  -0.0005831443235837843
  -0.0005467968202795255
  -0.0004909027738080228
  -0.000417177560216006
  -0.00032798046057670445
  -0.000226239980130659
  -0.0001153584965028375
  9.00926080268007E-7
  0.00011854160764593443
  0.0002334700764134911
  0.00034163793832129647
  0.00043918382277651895
  0.0005225705768580708
  0.0005887128142284258
  0.0006350901332979607
  0.0006598420725596798
  0.000661841105981449
  0.0006407409065217861
  0.0005969979431732324
  0.0005318652668696053
  0.00044735842269743616
  0.00034619428283254674
  0.00023170462993078655
  0.00010772724887289142
  -0.000021521961607169332
  -0.0001515917028895691
  -0.00027794790482559115
  -0.0003961310720450249
  -0.0005019129910564819
  -0.0005914472018741175
  -0.0006614080051417497
  -0.0007091129652729262
  -0.000732624433948324
  -0.0007308262294379073
  -0.0007034726978979795
  -0.0006512077999309233
  -0.0005755535418303098
  -0.000478867419721456
  -0.0003642703521190488
  -0.0002355468927169598
  -0.00009702122868340372
  0.000046587271303630365
  0.0001903241153067274
  0.0003291697508106582
  0.00045821412262228117
  0.0005728294362218305
  0.0006688352517885912
  0.0007426499013759848
  0.000791422888747897
  0.0008131433984841721
  0.0008067207662669788
  0.0007720338352681099
  0.0007099470956864667
  0.0006222925303383061
  0.0005118175678743472
  0.00038210039493233273
  0.0002374351965528554
  0.00008269104575205745
  -0.00007685103508230543
  -0.0002356773767706751
  -0.00038823129711047983
  -0.0005291065663437269
  -0.0006532380062101767
  -0.0007560825259140919
  -0.0008337841957088432
  -0.0008833173357293793
  -0.0009026023820036376
  -0.0008905902434376866
  -0.0008473116728809576
  -0.0007738895803232645
  -0.0006725133813036329
  -0.0005463758413271743
  -0.0003995740574227354
  -0.00023697778547827507
  -0.00006406898426364481
  0.00011324181347560419
  0.0002888165255116202
  0.0004565008287224807
  0.0006103388333736226
  0.0007447833995723206
  0.0008548948505519189
  0.0009365210494023978
  0.0009864521021908429
  0.0010025442993063529
  0.0009838083189068494
  0.0009304583067583792
  0.0008439195580831704
  0.0007267940891806737
  0.0005827847313961995
  0.0004165798321616929
  0.00023370214408707706
  0.00004032674388911239
  -0.00015692619222052622
  -0.00035121668835470533
  -0.0005357208288212846
  -0.000703869086663215
  -0.0008495787550259111
  -0.0009674724075627597
  -0.0010530745560772697
  -0.0011029793653618883
  -0.001114983206564125
  -0.001088177014782409
  -0.001022994688776398
  -0.0009212153033816012
  -0.0007859184407661736
  -0.0006213935829544807
  -0.0004330062124480959
  -0.0002270246072298154
  -0.000010412952939473321
  0.0002094024906239263
  0.00042478635413423834
  0.0006281578064068124
  0.0008122555934566175
  0.0009703955701677949
  0.0010967113200203251
  0.001186369601509549
  0.0012357524963840564
  0.0012425997130112582
  0.0012061053777502847
  0.0011269654227721547
  0.0010073733892320474
  0.0008509638305357118
  0.0006627048968281091
  0.0004487429334673492
  0.00021620399229523813
  -0.000027041449984267656
  -0.0002726428473886775
  -0.0005120542450173466
  -0.0007368295892126798
  -0.0009389185293747334
  -0.0011109524086243589
  -0.0012465104837868564
  -0.0013403566829023653
  -0.001388638343996215
  -0.0013890395350636675
  -0.0013408829102230283
  -0.0012451759471611415
  -0.0011045991539430269
  -0.0009234358521133057
  -0.000707445182330669
  -0.000463681998915504
  -0.0002002691296349328
  0.00007387072162940163
  0.00034931464212343
  0.0006164608164307706
  0.0008658605350785505
  0.0010885496129267207
  0.001276367599294891
  0.0014222535568094144
  0.001520507758243685
  0.0015670098512591902
  0.0015593850401663055
  0.0014971121020216976
  0.0013815683179049809
  0.001216009145456818
  0.0010054821584193187
  0.0007566774854279955
  0.00047771892183466966
  0.00017790208038149532
  -0.00013261193628100318
  -0.0004431376339044381
  -0.0007428293462095704
  -0.0010210564830247665
  -0.0012677768781574755
  -0.001473895271337814
  -0.0016315942282801577
  -0.0017346256398969725
  -0.0017785520648797679
  -0.0017609288210808439
  -0.0016814195831867406
  -0.0015418405503783749
  -0.001346130436217627
  -0.0011002462797995987
  -0.0008119876012684152
  -0.0004907537763937511
  -0.0001472420967466637
  0.00020690395574239834
  0.00055948480645579
  0.0008981603434276511
  0.0012108769056329858
  0.0014862911352927811
  0.001714175946607417
  0.0018857942217289179
  0.0019942268654519675
  0.002034643052617995
  0.002004502449803116
  0.0019036812511375966
  0.0017345164967712476
  0.0015017657378091317
  0.0012124821977116196
  0.0008758081070691812
  0.0005026923462352786
  0.00010554058015476419
  -0.0003021908890816422
  -0.0007064446425938373
  -0.0010930401111123153
  -0.0014481639841872355
  -0.0017588564223132677
  -0.002013475992888935
  -0.0022021272033296304
  -0.0023170349499705583
  -0.0023528522195061055
  -0.0023068892005447287
  -0.0021792545176896536
  -0.001972902154546972
  -0.0016935808484503962
  -0.0013496858979709292
  -0.0009520167690908867
  -0.0005134471210418334
  -0.00004851711811916899
  0.00042703943819302244
  0.0008968180241486009
  0.0013442992546607484
  0.0017534192807141691
  0.0021091352570838918
  0.0023979663670087026
  0.002608491380296832
  0.002731784826213348
  0.002761775576093196
  0.0026955140568981515
  0.002533337169304931
  0.0022789232004706114
  0.001939232780935044
  0.001524335570166082
  0.0010471263938394756
  0.0005229383140539657
  -0.000030936128871900446
  -0.0005958010930752426
  -0.001152173410226634
  -0.001680438770882313
  -0.002161526204006085
  -0.0025775784996843847
  -0.002912595369468788
  -0.0031530269389392573
  -0.0032882962206415853
  -0.0033112311951947596
  -0.0032183899626738463
  -0.003010265307157631
  -0.0026913593527766004
  -0.002270122643274937
  -0.0017587568332850473
  -0.001172884578924843
  -0.0005310948078334124
  0.00014562408706244733
  0.0008345464335605372
  0.0015119467319639995
  0.0021538891404210606
  0.0027370435635820215
  0.003239501373844712
  0.0036415633149676583
  0.0039264723112680255
  0.004081065107753889
  0.004096318924097438
  0.003967772050722627
  0.0036958011390929766
  0.0032857422655040397
  0.002747847692167765
  0.002097075506891362
  0.0013527148555366121
  0.0005378549598802666
  -0.00032128865189402723
  -0.0011961720281679332
  -0.0020568217218710607
  -0.0028728076913023537
  -0.0036142600717283873
  -0.004252897413816742
  -0.00476303296326577
  -0.0051225250517703885
  -0.0053136390815403
  -0.005323790055362422
  -0.005146138204715128
  -0.004780013806268864
  -0.004231152409910932
  -0.0035117272385319833
  -0.0026401715150134292
  -0.0016407902608296188
  -0.0005431673461056217
  0.000618619232290023
  0.0018069549782761924
  0.0029817942769148377
  0.004101883204948039
  0.005126064942456656
  0.006014629494472254
  0.006730666915308504
  0.0072413822255255385
  0.00751933014047126
  0.0075435291697299525
  0.007300417253544623
  0.006784615033680931
  0.0059994677427101534
  0.004957342652804605
  0.0036796659640348788
  0.002196690227184923
  0.000546991363790016
  -0.0012232976337959267
  -0.003061501296658566
  -0.004909641852198234
  -0.006705875083680551
  -0.008386085553461172
  -0.009885599530622782
  -0.011140969436952516
  -0.01209178077396145
  -0.012682430765684649
  -0.012863827769274907
  -0.012594961675792752
  -0.011844298537816027
  -0.01059095643211063
  -0.00882562550948038
  -0.006551201240410837
  -0.0037831079356705102
  -0.0005492976260076748
  0.003110081560372325
  0.007143344185618852
  0.011488241221509224
  0.016073227139635285
  0.02081899088563791
  0.025640213088567627
  0.030447505676797226
  0.035149484308086676
  0.039654920006876704
  0.04387491374917754
  0.0477250367313656
  0.05112737943561095
  0.054012454928503574
  0.056320905358763725
  0.0580049657902504
  0.05902964591590295
  0.05937359776662061
  0.05902964591590295
  0.0580049657902504
  0.056320905358763725
  0.054012454928503574
  0.05112737943561095
  0.0477250367313656
  0.04387491374917754
  0.039654920006876704
  0.035149484308086676
  0.030447505676797226
  0.025640213088567627
  0.02081899088563791
  0.016073227139635285
  0.011488241221509224
  0.007143344185618852
  0.003110081560372325
  -0.0005492976260076748
  -0.0037831079356705102
  -0.006551201240410837
  -0.00882562550948038
  -0.01059095643211063
  -0.011844298537816027
  -0.012594961675792752
  -0.012863827769274907
  -0.012682430765684649
  -0.01209178077396145
  -0.011140969436952516
  -0.009885599530622782
  -0.008386085553461172
  -0.006705875083680551
  -0.004909641852198234
  -0.003061501296658566
  -0.0012232976337959267
  0.000546991363790016
  0.002196690227184923
  0.0036796659640348788
  0.004957342652804605
  0.0059994677427101534
  0.006784615033680931
  0.007300417253544623
  0.0075435291697299525
  0.00751933014047126
  0.0072413822255255385
  0.006730666915308504
  0.006014629494472254
  0.005126064942456656
  0.004101883204948039
  0.0029817942769148377
  0.0018069549782761924
  0.000618619232290023
  -0.0005431673461056217
  -0.0016407902608296188
  -0.0026401715150134292
  -0.0035117272385319833
  -0.004231152409910932
  -0.004780013806268864
  -0.005146138204715128
  -0.005323790055362422
  -0.0053136390815403
  -0.0051225250517703885
  -0.00476303296326577
  -0.004252897413816742
  -0.0036142600717283873
  -0.0028728076913023537
  -0.0020568217218710607
  -0.0011961720281679332
  -0.00032128865189402723
  0.0005378549598802666
  0.0013527148555366121
  0.002097075506891362
  0.002747847692167765
  0.0032857422655040397
  0.0036958011390929766
  0.003967772050722627
  0.004096318924097438
  0.004081065107753889
  0.0039264723112680255
  0.0036415633149676583
  0.003239501373844712
  0.0027370435635820215
  0.0021538891404210606
  0.0015119467319639995
  0.0008345464335605372
  0.00014562408706244733
  -0.0005310948078334124
  -0.001172884578924843
  -0.0017587568332850473
  -0.002270122643274937
  -0.0026913593527766004
  -0.003010265307157631
  -0.0032183899626738463
  -0.0033112311951947596
  -0.0032882962206415853
  -0.0031530269389392573
  -0.002912595369468788
  -0.0025775784996843847
  -0.002161526204006085
  -0.001680438770882313
  -0.001152173410226634
  -0.0005958010930752426
  -0.000030936128871900446
  0.0005229383140539657
  0.0010471263938394756
  0.001524335570166082
  0.001939232780935044
  0.0022789232004706114
  0.002533337169304931
  0.0026955140568981515
  0.002761775576093196
  0.002731784826213348
  0.002608491380296832
  0.0023979663670087026
  0.0021091352570838918
  0.0017534192807141691
  0.0013442992546607484
  0.0008968180241486009
  0.00042703943819302244
  -0.00004851711811916899
  -0.0005134471210418334
  -0.0009520167690908867
  -0.0013496858979709292
  -0.0016935808484503962
  -0.001972902154546972
  -0.0021792545176896536
  -0.0023068892005447287
  -0.0023528522195061055
  -0.0023170349499705583
  -0.0022021272033296304
  -0.002013475992888935
  -0.0017588564223132677
  -0.0014481639841872355
  -0.0010930401111123153
  -0.0007064446425938373
  -0.0003021908890816422
  0.00010554058015476419
  0.0005026923462352786
  0.0008758081070691812
  0.0012124821977116196
  0.0015017657378091317
  0.0017345164967712476
  0.0019036812511375966
  0.002004502449803116
  0.002034643052617995
  0.0019942268654519675
  0.0018857942217289179
  0.001714175946607417
  0.0014862911352927811
  0.0012108769056329858
  0.0008981603434276511
  0.00055948480645579
  0.00020690395574239834
  -0.0001472420967466637
  -0.0004907537763937511
  -0.0008119876012684152
  -0.0011002462797995987
  -0.001346130436217627
  -0.0015418405503783749
  -0.0016814195831867406
  -0.0017609288210808439
  -0.0017785520648797679
  -0.0017346256398969725
  -0.0016315942282801577
  -0.001473895271337814
  -0.0012677768781574755
  -0.0010210564830247665
  -0.0007428293462095704
  -0.0004431376339044381
  -0.00013261193628100318
  0.00017790208038149532
  0.00047771892183466966
  0.0007566774854279955
  0.0010054821584193187
  0.001216009145456818
  0.0013815683179049809
  0.0014971121020216976
  0.0015593850401663055
  0.0015670098512591902
  0.001520507758243685
  0.0014222535568094144
  0.001276367599294891
  0.0010885496129267207
  0.0008658605350785505
  0.0006164608164307706
  0.00034931464212343
  0.00007387072162940163
  -0.0002002691296349328
  -0.000463681998915504
  -0.000707445182330669
  -0.0009234358521133057
  -0.0011045991539430269
  -0.0012451759471611415
  -0.0013408829102230283
  -0.0013890395350636675
  -0.001388638343996215
  -0.0013403566829023653
  -0.0012465104837868564
  -0.0011109524086243589
  -0.0009389185293747334
  -0.0007368295892126798
  -0.0005120542450173466
  -0.0002726428473886775
  -0.000027041449984267656
  0.00021620399229523813
  0.0004487429334673492
  0.0006627048968281091
  0.0008509638305357118
  0.0010073733892320474
  0.0011269654227721547
  0.0012061053777502847
  0.0012425997130112582
  0.0012357524963840564
  0.001186369601509549
  0.0010967113200203251
  0.0009703955701677949
  0.0008122555934566175
  0.0006281578064068124
  0.00042478635413423834
  0.0002094024906239263
  -0.000010412952939473321
  -0.0002270246072298154
  -0.0004330062124480959
  -0.0006213935829544807
  -0.0007859184407661736
  -0.0009212153033816012
  -0.001022994688776398
  -0.001088177014782409
  -0.001114983206564125
  -0.0011029793653618883
  -0.0010530745560772697
  -0.0009674724075627597
  -0.0008495787550259111
  -0.000703869086663215
  -0.0005357208288212846
  -0.00035121668835470533
  -0.00015692619222052622
  0.00004032674388911239
  0.00023370214408707706
  0.0004165798321616929
  0.0005827847313961995
  0.0007267940891806737
  0.0008439195580831704
  0.0009304583067583792
  0.0009838083189068494
  0.0010025442993063529
  0.0009864521021908429
  0.0009365210494023978
  0.0008548948505519189
  0.0007447833995723206
  0.0006103388333736226
  0.0004565008287224807
  0.0002888165255116202
  0.00011324181347560419
  -0.00006406898426364481
  -0.00023697778547827507
  -0.0003995740574227354
  -0.0005463758413271743
  -0.0006725133813036329
  -0.0007738895803232645
  -0.0008473116728809576
  -0.0008905902434376866
  -0.0009026023820036376
  -0.0008833173357293793
  -0.0008337841957088432
  -0.0007560825259140919
  -0.0006532380062101767
  -0.0005291065663437269
  -0.00038823129711047983
  -0.0002356773767706751
  -0.00007685103508230543
  0.00008269104575205745
  0.0002374351965528554
  0.00038210039493233273
  0.0005118175678743472
  0.0006222925303383061
  0.0007099470956864667
  0.0007720338352681099
  0.0008067207662669788
  0.0008131433984841721
  0.000791422888747897
  0.0007426499013759848
  0.0006688352517885912
  0.0005728294362218305
  0.00045821412262228117
  0.0003291697508106582
  0.0001903241153067274
  0.000046587271303630365
  -0.00009702122868340372
  -0.0002355468927169598
  -0.0003642703521190488
  -0.000478867419721456
  -0.0005755535418303098
  -0.0006512077999309233
  -0.0007034726978979795
  -0.0007308262294379073
  -0.000732624433948324
  -0.0007091129652729262
  -0.0006614080051417497
  -0.0005914472018741175
  -0.0005019129910564819
  -0.0003961310720450249
  -0.00027794790482559115
  -0.0001515917028895691
  -0.000021521961607169332
  0.00010772724887289142
  0.00023170462993078655
  0.00034619428283254674
  0.00044735842269743616
  0.0005318652668696053
  0.0005969979431732324
  0.0006407409065217861
  0.000661841105981449
  0.0006598420725596798
  0.0006350901332979607
  0.0005887128142284258
  0.0005225705768580708
  0.00043918382277651895
  0.00034163793832129647
  0.0002334700764134911
  0.00011854160764593443
  9.00926080268007E-7
  -0.0001153584965028375
  -0.000226239980130659
  -0.00032798046057670445
  -0.000417177560216006
  -0.0004909027738080228
  -0.0005467968202795255
  -0.0005831443235837843
  -0.000598925249615554
  -0.0005938418308701994
  -0.0005683202088868856
  -0.0005234869263070135
  -0.0004611217603712305
  -0.0003835883339719175
  -0.0002937455840386073
  -0.0001948430165078714
  -0.0000904039244962809
  0.000015899622315323816
  0.00012037531505038258
  0.00021943835036093178
  0.00030973391961938604
  0.00038825027993491003
  0.0004524185902186387
  0.0005001963303960258
  0.0005301314844566971
  0.0005414055541910406
  0.0005338542300042067
  0.0005079651667110796
  0.00046485329313119487
  0.0004062147804491479
  0.0003342614509410856
  0.0002516381550029808
  0.00016132626100473025
  0.0000665366345767538
  -0.000029404023810887644
  -0.00012316945114783538
  -0.00021154872414062004
  -0.00029155568819895196
  -0.0003605293977869681
  -0.00041622211190233126
  -0.00045687186937369513
  -0.00048125748836784244
  -0.000488734215446911
  -0.00047924895272179934
  -0.00045333499862211334
  -0.00041208646081832874
  -0.0003571137285776539
  -0.0002904815385874775
  -0.0002146321562015302
  -0.0001322964984553165
  -0.00004639618831263053
  0.000040059513006785656
  0.0001240788453556424
  0.0002027905903991627
  0.00027354184323026315
  0.0003339868797199859
  0.00038216452422214003
  0.00041656117353766327
  0.0004361576113650565
  0.00044045818130659725
  0.00042950152493815744
  0.0004038526880596495
  0.00036457719995081994
  0.0003131981294543157
  0.00025163785487848704
  0.00018214681737340675
  0.00010722173711167817
  0.00002951633018601897
  -0.00004825225642948905
  -0.00012339808505742385
  -0.0001933588468629053
  -0.00025578281144458527
  -0.00030860750395758955
  -0.0003501274134709583
  -0.0003790484583248467
  -0.00039452765561569117
  -0.0003961966464831688
  -0.0003841685863445517
  -0.0003590283062320467
  -0.00032180620906387185
  -0.00027393720704820164
  -0.0002172061889429916
  -0.00015368193044548405
  -0.00008564218708088785
  -0.00001549234527942271
  0.000054319206866141465
  0.00012138621557390028
  0.0001834271900760855
  0.000238362583853066
  0.00028438427780121003
  0.0003200144865174124
  0.0003441528335657808
  0.00035610956179129893
  0.00035562430295737194
  0.0003428696281517966
  0.0003184397542968108
  0.00028332468252962293
  0.00023887101894618548
  0.0001867310137670562
  0.00012880166307217058
  0.00006715603925263243
  0.000003969474452081208
  -0.000058556877981449316
  -0.00011827243691046363
  -0.00017315081653624227
  -0.00022135830191101602
  -0.00026131478764436896
  -0.000291745124959779
  -0.0003117193319987002
  -0.00032068039277267566
  -0.0003184587232218273
  -0.0003052731343382103
  -0.00028171837559294734
  -0.0002487397486654389
  -0.0002075960420948801
  -0.00015981202157222725
  -0.00010712234136415397
  -0.00005140897050122809
  0.000005365753306904225
  0.00006122791753778737
  0.00011426035868694501
  0.00016266830288717634
  0.00020483968183712396
  0.00023939854513636437
  0.0002652495632622045
  0.00028161226397070937
  0.00028804400273952106
  0.0002844507737678778
  0.00027108615100522165
  0.00024853785562467393
  0.0002177032871508751
  0.00017975441056020293
  0.00013609376714448484
  0.00008830296052018273
  0.00003808576934855265
  -0.000012792358505948683
  -0.00006256612482865585
  -0.00010953134735837731
  -0.0001521030522066819
  -0.0001888687378448926
  -0.00021863487846187572
  -0.00024046529229339233
  -0.0002537101897640988
  -0.0002580248448587393
  -0.0002533775091005374
  -0.0002400464155118934
  -0.00021860607065361993
  -0.0001899035325566753
  -0.00015502558570602859
  -0.0001152579564076859
  -0.00007203828202110244
  -0.000026904487974422038
  0.0000185597609990494
  0.00006278033896298044
  0.00010424693658625795
  0.00014156444466414494
  0.00017349958015925836
  0.00019902139388077927
  0.00021733419904203304
  0.00022790187544126814
  0.00023046305958284043
  0.00022503637377672834
  0.0002119161219016668
  0.00019165845578873205
  0.00016505856026076
  0.00013312006548718677
  0.00009701743011495712
  0.00005805328295688177
  0.000017611450469009247
  -0.000022891813214649593
  -0.0000620572865542923
  -0.00009855083217498209
  -0.00013114868307950841
  -0.00015877818072105947
  -0.0001805528481392202
  -0.00019580050043585423
  -0.00020408352265186
  -0.00020521081636913884
  -0.00019924109916732419
  -0.00018647741202996472
  -0.0001674533026259007
  -0.0001429113088607719
  -0.00011377438471448318
  -0.0000811115305956899
  -0.000046098895401281133
  -0.000009977625956426286
  0.00002598993542913218
  0.00006056412929540301
  0.00009257054498292763
  0.00012093967953399934
  0.00014474240685690874
  0.0001632202648196048
  0.0001758092312167502
  0.0001821564818103374
  0.00018212972683570878
  0.00017581866517131102
  0.0001635288248421071
  0.0001457680180597253
  0.0001232258760064766
  0.00009674761921193407
  0.00006730253988351039
  0.00003594882479212439
  0.000003795789788506462
  -0.000028035326263810072
  -0.00005845010160457341
  -0.00008641855388285043
  -0.00011100961087055781
  -0.00013142213504348905
  -0.00014701058812865457
  -0.00015730521862312297
  -0.00016202578591280713
  -0.00016108861770956098
  -0.00015460661953785014
  -0.0001428826063100288
  -0.00012639615631745198
  -0.0001057844982153518
  -0.00008181824588980836
  -0.00005537287926203356
  -0.000027396924527035173
  0.0000011218614501897476
  0.00002919110910532888
  0.00005584828074719336
  0.00008019352031875124
  0.00010141977849512257
  0.00011883940669528021
  0.00013190622189729112
  0.0001402322720583281
  0.00014359899633145548
  0.00014196233348325567
  0.0001354516449271618
  0.00012436281513043197
  0.00010914552800293156
  0.00009038545452413241
  0.00006878214108088327
  0.00004512306339772133
  0.000020255110779060416
  -0.000004945457086372741
  -0.000029603833714297212
  -0.0000528767445085625
  -0.00007398127173379455
  -0.00009222099834845434
  -0.00010700867029755646
  -0.00011788508549435594
  -0.0001245328275744772
  -0.00012678537618989743
  -0.00012463039375060548
  -0.0001182080826563589
  -0.00010780386608344911
  -0.00009383645589737802
  -0.00007684138413986611
  -0.00005745076451088242
  -0.000036369915251333195
  -0.000014351950437405663
  0.000007828944451999689
  0.00002940465041300202
  0.00004963956670181857
  0.00006785549014686286
  0.00008345422964467717
  0.00009593708316383273
  0.00010492050797536582
  0.0001101476978363207
  0.00011149551001008857
  0.00010897660998888942
  0.00010273705590449672
  0.00009304925034616171
  0.00008030047745140201
  0.00006497779450929482
  0.0000476497143752993
  0.00002894521827968084
  0.000009531184036964148
  -0.000009911290184624602
  -0.00002871070276943958
  -0.00004622808450522624
  -0.00006187868719037345
  -0.00007515136665532172
  -0.00008562495300481163
  -0.00009298160408345639
  -0.00009701605160815435
  -0.00009764099997334975
  -0.00009488831750872017
  -0.00008890590782737846
  -0.00007995109694743765
  -0.00006837968113993176
  -0.000054632344935397785
  -0.00003921786167079184
  -0.00002269467842534813
  -0.0000056506397748526795
  0.00001131771014095613
  0.000027625906839128404
  0.00004272156899481095
  0.000056103013874672266
  0.00006733571178652324
  0.00007606626177645514
  0.00008203339841361104
  0.00008507549863431673
  0.00008513450541558081
  0.00008225634626101667
  0.0000765876948435167
  0.00006836919077801343
  0.000057925677287264736
  0.000045653628403747195
  0.000032006216004498486
  0.00001747679588317673
  0.0000025812101019667967
  -0.000012160514974545963
  -0.000026242116435543438
  -0.00003918831334498953
  -0.000050570900529982004
  -0.00006002267665703859
  -0.00006724910693647466
  -0.00007203740502379127
  -0.00007426242977010594
  -0.00007388967306406082
  -0.00007097499679904569
  -0.00006566098990942988
  -0.00005817085527094886
  -0.000048799225969894575
  -0.000037900792612317264
  -0.000025877190388442228
  -0.000013162070247560602
  -2.0593385651006077E-7
  0.000012540149224536192
  0.000024639773968446017
  0.00003568626126232522
  0.00004531603257266097
  0.00005322065882066531
  0.000059156473621633876
  0.00006295189723955205
  0.00006451218073840221
  0.00006382142805340293
  0.00006094173337964995
  0.00005600972190278802
  0.000049230611393149054
  0.000040869894595913174
  0.00003124312747976519
  0.000020704253235641248
  0.000009632668844618969
  -0.0000015804356574996868
  -0.000012545674958270553
  -0.000022888861954151417
  -0.00003226380981108826
  -0.00004036376684698081
  -0.00004693129611634996
  -0.00005176641388290823
  -0.000054732421502703485
  -0.00005575948278407128
  -0.00005484606101383313
  -0.000052057636740726185
  -0.00004752323026016872
  -0.00004143002397377494
  -0.000034015703758055336
  -0.000025559363216994557
  -0.000016371250826362965
  -0.00000678127635759291
  0.0000028724490018515633
  0.000012255611899629096
  0.000021049313800723848
  0.000028960498639226278
  0.00003573201083352967
  0.00004115040061365967
  0.00004505302281558873
  0.00004733232593636684
  0.00004793884629773206
  0.00004688171327462504
  0.000044227420477280146
  0.00004009637358212764
  0.000034657810544335816
  0.0000281231216697987
  0.000020737741247229664
  0.000012771950469069754
  0.000004511160181030474
  -0.000003754152266586848
  -0.000011738674208622943
  -0.00001917205519869961
  -0.000025807899223553843
  -0.00003143187484631769
  -0.00003586860560290023
  -0.00003898688920819572
  -0.000040703444024531823
  -0.00004098504486226891
  -0.00003984861438869419
  -0.00003735965052793817
  -0.00003362924664914836
  -0.00002880934027356789
  -0.000023086567642158232
  -0.00001667533669831656
  -0.000009809777855133553
  -0.000002735246168640738
  0.000004300124654252624
  0.000011054297480622517
  0.000017299621855641635
  0.000022830153565676102
  0.000027468685415807504
  0.00003107208770971252
  0.00003353568667690191
  0.00003479636619132023
  0.00003483344930912652
  0.00003366923960958841
  0.00003136684795431357
  0.000028027720532405324
  0.000023786928919694124
  0.00001880821267014236
  0.000013277639081784678
  0.000007396788448748137
  0.000001375350699773982
  -0.000004576202617666552
  -0.000010253863126789882
  -0.000015467066991450035
  -0.000020045057016836607
  -0.00002384231509833782
  -0.00002674311022126403
  -0.000028665029887114994
  -0.000029561101018621728
  -0.000029420617319550963
  -0.000028268909281847656
  -0.000026165842486573714
  -0.000023202886079873783
  -0.000019499329044880018
  -0.000015197759309682623
  -0.000010458551436606015
  -0.000005453941441926515
  -3.6201106358933354E-7
  0.000004639740844800053
  0.000009380671132200946
  0.000013702445980892435
  0.000017464372467842296
  0.00002054808549369101
  0.00002286090496105069
  0.000024338716472198583
  0.000024947668470423628
  0.00002468434883561212
  0.000023575781146849923
  0.00002167762254326736
  0.000019071478892622536
  0.000015862015702140385
  0.000012172185216441752
  0.000008139473940518662
  0.00000391002204726362
  -3.660602862715591E-7
  -0.000004540382281097191
  -0.00000847099928003936
  -0.000012027384552799152
  -0.000015094679131791256
  -0.000017577345097794634
  -0.00001940198152325277
  -0.000020519469084723113
  -0.000020906238567151527
  -0.000020564467827418923
  -0.000019521359849412026
  -0.00001782776867010775
  -0.000015556050037951086
  -0.000012796965805324492
  -0.000009656087017306044
  -0.000006249962150859833
  -0.000002701861300034355
  8.627935241094321E-7
  0.000004320692524930588
  0.000007554718619828398
  0.000010458123831670445
  0.000012938034199333241
  0.000014918078148174537
  0.000016340791479093178
  0.000017169369191329375
  0.000017388177497952016
  0.000017002997441529952
  0.000016040574483633633
  0.000014546768810096026
  0.000012584774312872772
  0.00001023284098586808
  0.000007580658447642468
  0.000004726495368862288
  0.0000017734105092120745
  -0.000001174784841357238
  -0.000004016180503132066
  -0.000006655378432993019
  -0.000009005602347382348
  -0.000010992493623645647
  -0.000012555629533897453
  -0.000013650719817083409
  -0.000014250551542703425
  -0.000014345756155376002
  -0.000013944595219432547
  -0.000013072220276935934
  -0.000011769472103993296
  -0.000010091233365470613
  -0.000008104153305130066
  -0.000005883922255243871
  -0.0000035124739517402482
  -0.0000010751492396146138
  0.000001342363460404657
  0.000003657159138692061
  0.0000057918243868018026
  0.000007676845416893266
  0.000009252984353840203
  0.000010473244230968346
  0.00001130396223266162
  0.000011725543811030299
  0.000011733130830191969
  0.00001133639122921538
  0.000010558557147180785
  0.0000094355485051587
  0.00000801457356737055
  0.0000063517303901943306
  0.0000045100599233961105
  0.000002557609212753955
  5.64377865068563E-7
  -0.0000013999825923777766
  -0.0000032681351514818226
  -0.000004978195677780673
  -0.0000064750437027536986
  -0.000007711943510482169
  -0.00000865294360431149
  -0.00000927240496824326
  -0.000009557342136426464
  -0.00000950594533092088
  -0.000009128490520836787
  -0.000008445935999459739
  -0.000007489499861309138
  -0.0000062990550392889945
  -0.00000492155693470283
  -0.000003409166768047814
  -0.0000018174452558817218
  -2.034095021455626E-7
  0.0000013765894051629353
  0.000002868937549263939
  0.00000422446994533203
  0.000005399881333687868
  0.00000635912075301049
  0.000007074633505587319
  0.000007528083952403936
  0.000007710531465660554
  0.0000076225547341519586
  0.000007274257923525807
  0.0000066846015134489234
  0.000005880176701149237
  0.000004894195935643056
  0.000003765538851006299
  0.0000025370020383840807
  0.0000012534383863477069
  -3.9390321764519296E-8
  -0.0000012963353106785386
  -0.0000024750920604953028
  -0.0000035372682269569026
  -0.000004449050151540415
  -0.000005183077720414675
  -0.000005719015275585536
  -0.000006043233643863585
  -0.000006150481649143843
  -0.000006043167686152843
  -0.0000057303443186040286
  -0.000005229140727430669
  -0.000004561261466203922
  -0.000003754822280339261
  -0.0000028411253737827425
  -0.0000018549520768537851
  -8.3227897629815E-7
  1.9058531480111617E-7
  0.00000117843537252281
  0.000002098149490845976
  0.0000029197822491718006
  0.0000036176236350055288
  0.000004171092833660933
  0.000004565256323933014
  0.000004791020985058606
  0.0000048452595662746615
  0.0000047309309257335984
  0.000004456941098759689
  0.000004037483153951864
  0.000003491166783675892
  0.0000028403362383399966
  0.0000021105036655707406
  0.0000013293413593191238
  5.25289337862749E-7
  -2.7345213835564487E-7
  -0.0000010394301406546224
  -0.0000017468334357923906
  -0.0000023729613022494885
  -0.0000028989042226749084
  -0.0000033093651315996564
  -0.000003593317318640281
  -0.000003745083871122548
  -0.0000037636189200201296
  -0.0000036517392830881588
  -0.000003417326130171023
  -0.0000030726559406134514
  -0.0000026322739188664396
  -0.000002114585097422358
  -0.000001540501102950956
  -9.304342726492499E-7
  -3.0790639526262294E-7
  3.064037316617309E-7
  8.908143240410807E-7
  0.0000014265173230121444
  0.0000018962209403588829
  0.0000022857578785333484
  0.000002584117590844023
  0.0000027839501778078826
  0.0000028815947557760467
  0.0000028769833935009344
  0.000002773459515710826
  0.0000025776204772129104
  0.0000022991448761401012
  0.000001950441048117047
  0.0000015460237413335672
  0.0000011017201144235068
  6.340175565428818E-7
  1.5966209004466688E-7
  -3.046590415690459E-7
  -7.429478591962886E-7
  -0.0000011407948194687797
  -0.000001486035511950685
  -0.0000017687704578046608
  -0.000001981162601499736
  -0.0000021178307951896302
  -0.000002176635504033308
  -0.000002158697705819211
  -0.000002067330872641297
  -0.0000019075825761193936
  -0.0000016872001748326903
  -0.0000014166853668791632
  -0.0000011071181045889865
  -7.695445124987776E-7
  -4.171086778350133E-7
  -6.35732488937878E-8
  2.802545474227256E-7
  6.026473766066623E-7
  8.912708633195084E-7
  0.000001140413934911818
  0.0000013398198473327378
  0.0000014865878145914847
  0.000001576348540189946
  0.0000016087273491111186
  0.0000015845443979367168
  0.0000015068231690775996
  0.0000013801815531409542
  0.0000012107181389393573
  0.000001005749922875866
  7.735681462989243E-7
  5.231858370487849E-7
  2.640424391518309E-7
  5.647096569711213E-9
  -2.4284617455381065E-7
  -4.730703431375233E-7
  -6.778206529835153E-7
  -8.51245451955891E-7
  -9.888558923007605E-7
  -0.0000010873883051730499
  -0.000001144730849996695
  -0.0000011600576763163784
  -0.000001134168335959807
  -0.0000010697670483758582
  -9.71265788147831E-7
  -8.440115323766012E-7
  -6.933689645500219E-7
  -5.24561374607919E-7
  -3.4353656436851497E-7
  -1.578024884656038E-7
  2.450508881182813E-8
  1.9716593253694964E-7
  3.567180168318113E-7
  4.991094574222387E-7
  6.171334814754272E-7
  7.06122601745209E-7
  7.693642933897959E-7
  8.057467431213669E-7
  8.060448294995172E-7
  7.852893198290905E-7
  7.339144892115499E-7
  6.614355887892454E-7
  5.686691429971953E-7
  4.6056394696371275E-7
  3.413907818039757E-7
  2.158379427277139E-7
  8.857547872059268E-8
  -3.587749562034754E-8
  -1.5330040959614497E-7
  -2.5991609862715346E-7
  -3.5250172113871807E-7
  -4.2847847649974665E-7
  -4.859725150615034E-7
  -5.238541320905624E-7
  -5.417354924965966E-7
  -5.399578247835482E-7
  -5.19534086327007E-7
  -4.820879795922256E-7
  -4.297567673846352E-7
  -3.6508995266665006E-7
  -2.9093122642552794E-7
  -2.1028696630308715E-7
  -1.2619951256809E-7
  -4.1600488954394326E-8
  4.0822958663605184E-8
  1.1879156227569094E-7
  1.905967231155698E-7
  2.5531325687681836E-7
  3.1307315051488335E-7
  3.6545184149741167E-7
  4.160376059514776E-7
  4.713378370340281E-7
  5.421842071778099E-7
  6.459811562557498E-7
  8.102884245344551E-7
  0.000001078545116382568
  0.0000015192228772549218
  -0.0000017973145941959932
