-5.530449779781351440E-6
-2.530837557838504280E-6
 7.928169170296356150E-6
 25.59830581587156570E-6
 37.90994553870379490E-6
 27.35883453991548110E-6
-12.69365807815759700E-6
-63.20023025979524790E-6
-82.54508785780200240E-6
-35.11357005363849030E-6
 69.90994666632785480E-6
 163.6847331631436760E-6
 153.9501146100544700E-6
 1.500849105488236690E-6
-218.6912463633937880E-6
-337.1544001167081320E-6
-206.4016224086062720E-6
 155.5167129454431460E-6
 516.9581745579796460E-6
 560.8496103026961920E-6
 136.8502081964494440E-6
-547.0918414579040250E-6
-986.7385572179877040E-6
-726.3031253204085260E-6
 229.0597434660227800E-6
 0.001275615522548726
 0.001552647019496700
 606.6342994292423330E-6
-0.001105742167469761
-0.002355344519661275
-0.001975050914950891
 138.1954290962202090E-6
 0.002664193332392948
 0.003610487761004575
 0.001813318894527532
-0.001893941155176974
-0.004903579415149639
-0.004584305570651741
-449.6256530693049170E-6
 0.004962514632275058
 0.007510039261738947
 0.004494148808545888
-0.002822961903508798
-0.009404336908799054
-0.009741211605099930
-0.002230346916434444
 0.008703070047624011
 0.014914397586889176
 0.010328374609769774
-0.003720011904109407
-0.017946010680164208
-0.020798575707174933
-0.007184764644683504
 0.015948532165859262
 0.032173090096190606
 0.026088000117638070
-0.004375116025081597
-0.042464858093809094
-0.059206041874235837
-0.029775082253241745
 0.049653373289790186
 0.155434476826126156
 0.245687651700274567
 0.281098573177190780
 0.245687651700274567
 0.155434476826126156
 0.049653373289790186
-0.029775082253241745
-0.059206041874235837
-0.042464858093809094
-0.004375116025081597
 0.026088000117638070
 0.032173090096190606
 0.015948532165859262
-0.007184764644683504
-0.020798575707174933
-0.017946010680164208
-0.003720011904109407
 0.010328374609769774
 0.014914397586889176
 0.008703070047624011
-0.002230346916434444
-0.009741211605099930
-0.009404336908799054
-0.002822961903508798
 0.004494148808545888
 0.007510039261738947
 0.004962514632275058
-449.6256530693049170E-6
-0.004584305570651741
-0.004903579415149639
-0.001893941155176974
 0.001813318894527532
 0.003610487761004575
 0.002664193332392948
 138.1954290962202090E-6
-0.001975050914950891
-0.002355344519661275
-0.001105742167469761
 606.6342994292423330E-6
 0.001552647019496700
 0.001275615522548726
 229.0597434660227800E-6
-726.3031253204085260E-6
-986.7385572179877040E-6
-547.0918414579040250E-6
 136.8502081964494440E-6
 560.8496103026961920E-6
 516.9581745579796460E-6
 155.5167129454431460E-6
-206.4016224086062720E-6
-337.1544001167081320E-6
-218.6912463633937880E-6
 1.500849105488236690E-6
 153.9501146100544700E-6
 163.6847331631436760E-6
 69.90994666632785480E-6
-35.11357005363849030E-6
-82.54508785780200240E-6
-63.20023025979524790E-6
-12.69365807815759700E-6
 27.35883453991548110E-6
 37.90994553870379490E-6
 25.59830581587156570E-6
 7.928169170296356150E-6
-2.530837557838504280E-6
-5.530449779781351440E-6

