 226.1164506042602800E-6
 282.4095426149004880E-6
-886.9006044906459460E-6
-0.002030251501702820
 893.4653673805164540E-6
 0.006101510743975193
 0.002228409917773521
-0.012172705109556710
-0.012669853672162284
 0.016586833253192178
 0.035233793451368387
-0.010708315251914562
-0.077370103855921218
-0.027861168752347454
 0.184794700227736780
 0.397220327484871016
 0.397220327484871016
 0.184794700227736780
-0.027861168752347454
-0.077370103855921218
-0.010708315251914562
 0.035233793451368387
 0.016586833253192178
-0.012669853672162284
-0.012172705109556710
 0.002228409917773521
 0.006101510743975193
 893.4653673805164540E-6
-0.002030251501702820
-886.9006044906459460E-6
 282.4095426149004880E-6
 226.1164506042602800E-6

