-35.58290672228290670E-6
-52.40060088082180560E-6
-8.264470260109023410E-6
 131.9488967976868990E-6
 302.9287952502681380E-6
 329.2611072446238720E-6
 42.69922464392601570E-6
-513.5466115315334720E-6
-970.8260439151363240E-6
-802.8192823307603020E-6
 228.3867740087936230E-6
 0.001654497370048719
 0.002359599123367083
 0.001311646325161152
-0.001414320102702467
-0.004170675505690288
-0.004528360775658147
-0.001135562488865618
 0.004618841131022718
 0.008723764391554305
 0.007029580952978634
-0.001212907733348666
-0.011459558506616410
-0.015827175144708938
-0.008543086647041178
 0.008510439434863419
 0.024688870848976634
 0.026208721810747584
 0.006124318516081800
-0.027716579405502800
-0.053190337461761897
-0.044632057015063037
 0.011359820670372268
 0.104624732228193934
 0.202682523923751912
 0.265384564158164249
 0.265384564158164249
 0.202682523923751912
 0.104624732228193934
 0.011359820670372268
-0.044632057015063037
-0.053190337461761897
-0.027716579405502800
 0.006124318516081800
 0.026208721810747584
 0.024688870848976634
 0.008510439434863419
-0.008543086647041178
-0.015827175144708938
-0.011459558506616410
-0.001212907733348666
 0.007029580952978634
 0.008723764391554305
 0.004618841131022718
-0.001135562488865618
-0.004528360775658147
-0.004170675505690288
-0.001414320102702467
 0.001311646325161152
 0.002359599123367083
 0.001654497370048719
 228.3867740087936230E-6
-802.8192823307603020E-6
-970.8260439151363240E-6
-513.5466115315334720E-6
 42.69922464392601570E-6
 329.2611072446238720E-6
 302.9287952502681380E-6
 131.9488967976868990E-6
-8.264470260109023410E-6
-52.40060088082180560E-6
-35.58290672228290670E-6

