-78.96870471473684460E-6
-141.0744137160112360E-6
 28.37130945172027200E-6
 619.9921430656188480E-6
 0.001352821688754950
 0.001281792443169017
-577.1939122710593890E-6
-0.003885390178240912
-0.006090645844236998
-0.003590740405255868
 0.004863268055846601
 0.014913577082098962
 0.017270590752507021
 0.004062781067358252
-0.022331060021012927
-0.045154510323397692
-0.039707797691856048
 0.011054174339199632
 0.101424720244102887
 0.200161768128979983
 0.264664881428263832
 0.264664881428263832
 0.200161768128979983
 0.101424720244102887
 0.011054174339199632
-0.039707797691856048
-0.045154510323397692
-0.022331060021012927
 0.004062781067358252
 0.017270590752507021
 0.014913577082098962
 0.004863268055846601
-0.003590740405255868
-0.006090645844236998
-0.003885390178240912
-577.1939122710593890E-6
 0.001281792443169017
 0.001352821688754950
 619.9921430656188480E-6
 28.37130945172027200E-6
-141.0744137160112360E-6
-78.96870471473684460E-6

