-4.317093551058097670E-6
-11.39540169106057200E-6
-3.244471273535229900E-6
 37.15146412592806510E-6
 67.24397003360799370E-6
-11.13127179081651090E-6
-187.0508396263211920E-6
-199.7003764510671150E-6
 193.9601484250804900E-6
 654.2313572633997860E-6
 324.3286136140515050E-6
-940.9357632346548140E-6
-0.001601411327680953
 84.44753869807550470E-6
 0.002938249601592349
 0.002770622941548775
-0.002248862719368598
-0.006737498629267823
-0.002785734089450590
 0.008072845881676642
 0.011914496279832355
-0.001403611501435040
-0.019563399302516618
-0.015923224124895878
 0.015184284599783713
 0.038672571162252756
 0.012529022733971423
-0.050898424236987136
-0.072611624359111587
 0.020601175250491453
 0.204910340705860589
 0.356204690059065410
 0.356204690059065410
 0.204910340705860589
 0.020601175250491453
-0.072611624359111587
-0.050898424236987136
 0.012529022733971423
 0.038672571162252756
 0.015184284599783713
-0.015923224124895878
-0.019563399302516618
-0.001403611501435040
 0.011914496279832355
 0.008072845881676642
-0.002785734089450590
-0.006737498629267823
-0.002248862719368598
 0.002770622941548775
 0.002938249601592349
 84.44753869807550470E-6
-0.001601411327680953
-940.9357632346548140E-6
 324.3286136140515050E-6
 654.2313572633997860E-6
 193.9601484250804900E-6
-199.7003764510671150E-6
-187.0508396263211920E-6
-11.13127179081651090E-6
 67.24397003360799370E-6
 37.15146412592806510E-6
-3.244471273535229900E-6
-11.39540169106057200E-6
-4.317093551058097670E-6

