 3.500330264666166260E-6
 2.502938172991491680E-6
 167.2583806420640260E-9
-3.509402763490838680E-6
-8.147391418533862510E-6
-12.94424531050291980E-6
-16.73566959723745380E-6
-18.17240157383283260E-6
-16.00125213309635440E-6
-9.408917286079415020E-6
 1.639465323333364030E-6
 16.15133009626853070E-6
 32.03127324581701880E-6
 46.24271895830517560E-6
 55.22991101539105330E-6
 55.56865671453355300E-6
 44.75445772175124400E-6
 21.98455717640009510E-6
-11.24058673997138770E-6
-50.86957332772640680E-6
-90.53941257909683320E-6
-122.3581106525412710E-6
-138.1817076374102560E-6
-131.2217168145185720E-6
-97.71611246071176990E-6
-38.33090119704319680E-6
 41.04942030703674050E-6
 129.4234079468065490E-6
 211.8170986746471840E-6
 271.4378667219588120E-6
 292.5941585246818020E-6
 263.9403310586005200E-6
 181.4637053170177980E-6
 50.58173790642270260E-6
-113.2141479914151030E-6
-285.5399588818702340E-6
-436.2019035881306760E-6
-533.8991704254475510E-6
-551.9070052791360010E-6
-473.8113620335768700E-6
-298.2133655743046460E-6
-41.35442827544365940E-6
 263.1484111214365380E-6
 567.8391323143326870E-6
 818.0513734360220040E-6
 960.8417615910065020E-6
 954.8976006262006420E-6
 779.7214586280156250E-6
 442.2967240056601670E-6
-20.33781743427839930E-6
-543.6301055560495570E-6
-0.001043391733917056
-0.001428276178060108
-0.001615187892760070
-0.001545204744738777
-0.001197199822766161
-596.4179143027735110E-6
 184.1605675206888580E-6
 0.001030795570301330
 0.001804064232406054
 0.002360317126767790
 0.002576449352817529
 0.002373975912180055
 0.001738066035790404
 727.5944827796402020E-6
-526.5829683189530210E-6
-0.001836152608868131
-0.002981545252719813
-0.003746525360931821
-0.003956049747282268
-0.003511160383276320
-0.002414531297952314
-781.2419527418751390E-6
 0.001168658258246668
 0.003136441399161167
 0.004787316086816958
 0.005803774726277702
 0.005941678935766754
 0.005079817042381807
 0.003253848009109397
 667.2827855479612250E-6
-0.002324704635927649
-0.005258700142508526
-0.007629228099484579
-0.008968989506563651
-0.008931297614874096
-0.007361347018401808
-0.004343500883383689
-214.4602399966049690E-6
 0.004463272501678585
 0.008967391075720785
 0.012514716927809897
 0.014380772006486740
 0.014023400930968950
 0.011191799574380676
 0.006002980781179196
-0.001028814562582974
-0.009018325366834020
-0.016792038250924925
-0.023020195841173295
-0.026383038543792620
-0.025750343761996111
-0.020350129051902605
-0.009902524206438812
 0.005301580044064373
 0.024390816826947347
 0.045977366403424182
 0.068289608473718053
 0.089358768357930843
 0.107237162430060998
 0.120220805587326979
 0.127047965823002346
 0.127047965823002346
 0.120220805587326979
 0.107237162430060998
 0.089358768357930843
 0.068289608473718053
 0.045977366403424182
 0.024390816826947347
 0.005301580044064373
-0.009902524206438812
-0.020350129051902605
-0.025750343761996111
-0.026383038543792620
-0.023020195841173295
-0.016792038250924925
-0.009018325366834020
-0.001028814562582974
 0.006002980781179196
 0.011191799574380676
 0.014023400930968950
 0.014380772006486740
 0.012514716927809897
 0.008967391075720785
 0.004463272501678585
-214.4602399966049690E-6
-0.004343500883383689
-0.007361347018401808
-0.008931297614874096
-0.008968989506563651
-0.007629228099484579
-0.005258700142508526
-0.002324704635927649
 667.2827855479612250E-6
 0.003253848009109397
 0.005079817042381807
 0.005941678935766754
 0.005803774726277702
 0.004787316086816958
 0.003136441399161167
 0.001168658258246668
-781.2419527418751390E-6
-0.002414531297952314
-0.003511160383276320
-0.003956049747282268
-0.003746525360931821
-0.002981545252719813
-0.001836152608868131
-526.5829683189530210E-6
 727.5944827796402020E-6
 0.001738066035790404
 0.002373975912180055
 0.002576449352817529
 0.002360317126767790
 0.001804064232406054
 0.001030795570301330
 184.1605675206888580E-6
-596.4179143027735110E-6
-0.001197199822766161
-0.001545204744738777
-0.001615187892760070
-0.001428276178060108
-0.001043391733917056
-543.6301055560495570E-6
-20.33781743427839930E-6
 442.2967240056601670E-6
 779.7214586280156250E-6
 954.8976006262006420E-6
 960.8417615910065020E-6
 818.0513734360220040E-6
 567.8391323143326870E-6
 263.1484111214365380E-6
-41.35442827544365940E-6
-298.2133655743046460E-6
-473.8113620335768700E-6
-551.9070052791360010E-6
-533.8991704254475510E-6
-436.2019035881306760E-6
-285.5399588818702340E-6
-113.2141479914151030E-6
 50.58173790642270260E-6
 181.4637053170177980E-6
 263.9403310586005200E-6
 292.5941585246818020E-6
 271.4378667219588120E-6
 211.8170986746471840E-6
 129.4234079468065490E-6
 41.04942030703674050E-6
-38.33090119704319680E-6
-97.71611246071176990E-6
-131.2217168145185720E-6
-138.1817076374102560E-6
-122.3581106525412710E-6
-90.53941257909683320E-6
-50.86957332772640680E-6
-11.24058673997138770E-6
 21.98455717640009510E-6
 44.75445772175124400E-6
 55.56865671453355300E-6
 55.22991101539105330E-6
 46.24271895830517560E-6
 32.03127324581701880E-6
 16.15133009626853070E-6
 1.639465323333364030E-6
-9.408917286079415020E-6
-16.00125213309635440E-6
-18.17240157383283260E-6
-16.73566959723745380E-6
-12.94424531050291980E-6
-8.147391418533862510E-6
-3.509402763490838680E-6
 167.2583806420640260E-9
 2.502938172991491680E-6
 3.500330264666166260E-6

