-195.6048136678330710E-6
-427.2379750309333990E-6
-345.1524265724812040E-6
 691.3387640006804990E-6
 0.002914053923933806
 0.005178384339616395
 0.004675805328958070
-0.001619291429451698
-0.013836311204734469
-0.026310923422217202
-0.027760799889051377
-0.006131027061735694
 0.043565165143171575
 0.113153308375872175
 0.181843008567323716
 0.224653189342945453
 0.224653189342945453
 0.181843008567323716
 0.113153308375872175
 0.043565165143171575
-0.006131027061735694
-0.027760799889051377
-0.026310923422217202
-0.013836311204734469
-0.001619291429451698
 0.004675805328958070
 0.005178384339616395
 0.002914053923933806
 691.3387640006804990E-6
-345.1524265724812040E-6
-427.2379750309333990E-6
-195.6048136678330710E-6

