-107.2602278908002660E-6
-175.3695702301904480E-6
 133.1667771334117560E-6
 362.0657122607075280E-6
-234.2492981626536450E-6
-710.5681535637272650E-6
 404.9382229387749700E-6
 0.001249623028100832
-673.1055593332145010E-6
-0.002050985770451957
 0.001099312109555477
 0.003180735700391762
-0.001749543061280857
-0.004728227121930273
 0.002726289357365042
 0.006790687188136186
-0.004160739454131391
-0.009502817572679456
 0.006247472892563080
 0.013055685079357648
-0.009279353631665226
-0.017776684680804636
 0.013762062504938605
 0.024297924098606108
-0.020692315270352573
-0.034061060242937334
 0.032475212016273090
 0.051143475012107004
-0.056977892640035430
-0.092859900097928189
 0.144062062300905180
 0.454629584199060133
 0.454629584199060133
 0.144062062300905180
-0.092859900097928189
-0.056977892640035430
 0.051143475012107004
 0.032475212016273090
-0.034061060242937334
-0.020692315270352573
 0.024297924098606108
 0.013762062504938605
-0.017776684680804636
-0.009279353631665226
 0.013055685079357648
 0.006247472892563080
-0.009502817572679456
-0.004160739454131391
 0.006790687188136186
 0.002726289357365042
-0.004728227121930273
-0.001749543061280857
 0.003180735700391762
 0.001099312109555477
-0.002050985770451957
-673.1055593332145010E-6
 0.001249623028100832
 404.9382229387749700E-6
-710.5681535637272650E-6
-234.2492981626536450E-6
 362.0657122607075280E-6
 133.1667771334117560E-6
-175.3695702301904480E-6
-107.2602278908002660E-6

