 3.938263413433271690E-6
 8.550290364809104200E-6
 4.196234784908571490E-6
-8.741828296926023260E-6
-12.95418390254076260E-6
 8.070953429997654640E-6
 27.30898799686048050E-6
 3.915359614121189490E-6
-44.15794778166354460E-6
-32.67022892543764100E-6
 51.23032895596566050E-6
 82.25747094086688090E-6
-32.73583240805083960E-6
-144.0310395560811970E-6
-31.96951790887906950E-6
 196.7329478130827740E-6
 154.4608069204153940E-6
-200.6912964105133310E-6
-329.4945345075166190E-6
 108.7253992092787770E-6
 518.9934001263409300E-6
 121.9633249783570510E-6
-650.2288333945615480E-6
-502.7844187415904570E-6
 619.7326480650717710E-6
 991.4896465127653760E-6
-320.2662796628331990E-6
-0.001471884296269645
-321.4927656377747670E-6
 0.001757734356788909
 0.001294017501100365
-0.001620487142874808
-0.002460287999821805
 850.8931467448505830E-6
 0.003538022090762006
 660.6041176365836240E-6
-0.004123583274776637
-0.002836840334007854
 0.003763528856664779
 0.005352101077401104
-0.002074016131799246
-0.007619174361426130
-0.001117226584753118
 0.008846476234444737
 0.005633189834315671
-0.008168483276796725
-0.010857208694854298
 0.004831816622277339
 0.015715117803798230
 0.001600931743316104
-0.018740405282225335
-0.011078687150760260
 0.018188584608915349
 0.022972441784513634
-0.012099001970019964
-0.036102724571123269
-0.001975577723108436
 0.048894925530961489
 0.028575170566483146
-0.059638354507336421
-0.083288754673555315
 0.066798199944865716
 0.310394692011289441
 0.430688578197584715
 0.310394692011289441
 0.066798199944865716
-0.083288754673555315
-0.059638354507336421
 0.028575170566483146
 0.048894925530961489
-0.001975577723108436
-0.036102724571123269
-0.012099001970019964
 0.022972441784513634
 0.018188584608915349
-0.011078687150760260
-0.018740405282225335
 0.001600931743316104
 0.015715117803798230
 0.004831816622277339
-0.010857208694854298
-0.008168483276796725
 0.005633189834315671
 0.008846476234444737
-0.001117226584753118
-0.007619174361426130
-0.002074016131799246
 0.005352101077401104
 0.003763528856664779
-0.002836840334007854
-0.004123583274776637
 660.6041176365836240E-6
 0.003538022090762006
 850.8931467448505830E-6
-0.002460287999821805
-0.001620487142874808
 0.001294017501100365
 0.001757734356788909
-321.4927656377747670E-6
-0.001471884296269645
-320.2662796628331990E-6
 991.4896465127653760E-6
 619.7326480650717710E-6
-502.7844187415904570E-6
-650.2288333945615480E-6
 121.9633249783570510E-6
 518.9934001263409300E-6
 108.7253992092787770E-6
-329.4945345075166190E-6
-200.6912964105133310E-6
 154.4608069204153940E-6
 196.7329478130827740E-6
-31.96951790887906950E-6
-144.0310395560811970E-6
-32.73583240805083960E-6
 82.25747094086688090E-6
 51.23032895596566050E-6
-32.67022892543764100E-6
-44.15794778166354460E-6
 3.915359614121189490E-6
 27.30898799686048050E-6
 8.070953429997654640E-6
-12.95418390254076260E-6
-8.741828296926023260E-6
 4.196234784908571490E-6
 8.550290364809104200E-6
 3.938263413433271690E-6

