 81.02606352655089950E-6
 172.5504093077308030E-6
 23.04068418804300930E-6
-409.0971792384468130E-6
-511.6755711430199650E-6
 329.5715635760434450E-6
 0.001327790894409922
 605.8351535968311050E-6
-0.001867278695007200
-0.002703540607527827
 830.6567436832606290E-6
 0.005127893723057792
 0.002885587935240507
-0.005711195688196469
-0.009028866807151932
 0.001501814251577439
 0.014706899571942243
 0.009245519475135617
-0.014549409296416337
-0.024954917008790510
 0.002153531062107335
 0.039141976744243009
 0.027754793266427158
-0.039926582430138760
-0.081083491314848960
 0.002556425293208361
 0.200591221236557316
 0.371659689227637702
 0.371659689227637702
 0.200591221236557316
 0.002556425293208361
-0.081083491314848960
-0.039926582430138760
 0.027754793266427158
 0.039141976744243009
 0.002153531062107335
-0.024954917008790510
-0.014549409296416337
 0.009245519475135617
 0.014706899571942243
 0.001501814251577439
-0.009028866807151932
-0.005711195688196469
 0.002885587935240507
 0.005127893723057792
 830.6567436832606290E-6
-0.002703540607527827
-0.001867278695007200
 605.8351535968311050E-6
 0.001327790894409922
 329.5715635760434450E-6
-511.6755711430199650E-6
-409.0971792384468130E-6
 23.04068418804300930E-6
 172.5504093077308030E-6
 81.02606352655089950E-6

