 26.14435976182029010E-6
 66.28531017220083750E-6
 122.2902275280312100E-6
 170.4565052001759680E-6
 172.8569070805539240E-6
 87.64172185150172820E-6
-108.8869239660956790E-6
-396.4964306530419550E-6
-694.1068709370047140E-6
-865.8483213027544710E-6
-758.8154637308753080E-6
-268.9389310996732550E-6
 584.9457619063027780E-6
 0.001610990427365643
 0.002452821706236044
 0.002676648040152168
 0.001928662474459914
 119.0090795349754420E-6
-0.002438946648021159
-0.005009859703018568
-0.006587285759831873
-0.006206998301970556
-0.003345581336505795
 0.001730180595035567
 0.007816174270163246
 0.012941147548131169
 0.014876926783604080
 0.011888600639042807
 0.003512612987805831
-0.008906170229189471
-0.022157648164020681
-0.031708495815352997
-0.032779285260698621
-0.021704583539755400
 0.002805699243766506
 0.038903999893309019
 0.081631613451955964
 0.123808745928165514
 0.157606118049293614
 0.176398938219363310
 0.176398938219363310
 0.157606118049293614
 0.123808745928165514
 0.081631613451955964
 0.038903999893309019
 0.002805699243766506
-0.021704583539755400
-0.032779285260698621
-0.031708495815352997
-0.022157648164020681
-0.008906170229189471
 0.003512612987805831
 0.011888600639042807
 0.014876926783604080
 0.012941147548131169
 0.007816174270163246
 0.001730180595035567
-0.003345581336505795
-0.006206998301970556
-0.006587285759831873
-0.005009859703018568
-0.002438946648021159
 119.0090795349754420E-6
 0.001928662474459914
 0.002676648040152168
 0.002452821706236044
 0.001610990427365643
 584.9457619063027780E-6
-268.9389310996732550E-6
-758.8154637308753080E-6
-865.8483213027544710E-6
-694.1068709370047140E-6
-396.4964306530419550E-6
-108.8869239660956790E-6
 87.64172185150172820E-6
 172.8569070805539240E-6
 170.4565052001759680E-6
 122.2902275280312100E-6
 66.28531017220083750E-6
 26.14435976182029010E-6

