-40.83109598195873960E-6
-88.02718459712843920E-6
-139.4449850241185230E-6
-152.3894074425241740E-6
-75.29727327908369720E-6
 131.6169041019924750E-6
 463.3432213025502050E-6
 841.0473820945036320E-6
 0.001106243269255944
 0.001053820683361875
 507.3787037831550610E-6
-579.5749385118338070E-6
-0.002034009276429536
-0.003432528723540414
-0.004169449917517476
-0.003634571671441900
-0.001466981663777609
 0.002193781455648544
 0.006564374104926778
 0.010277624429253634
 0.011690575608937995
 0.009402218236722350
 0.002852317722395652
-0.007190840527742368
-0.018453115779108496
-0.027423404329457432
-0.030080140580224755
-0.022936097551290550
-0.004133656711480104
 0.025734684610059781
 0.063364337473441515
 0.103180677306321494
 0.138432342430791777
 0.162684455242936982
 0.171326288995664766
 0.162684455242936982
 0.138432342430791777
 0.103180677306321494
 0.063364337473441515
 0.025734684610059781
-0.004133656711480104
-0.022936097551290550
-0.030080140580224755
-0.027423404329457432
-0.018453115779108496
-0.007190840527742368
 0.002852317722395652
 0.009402218236722350
 0.011690575608937995
 0.010277624429253634
 0.006564374104926778
 0.002193781455648544
-0.001466981663777609
-0.003634571671441900
-0.004169449917517476
-0.003432528723540414
-0.002034009276429536
-579.5749385118338070E-6
 507.3787037831550610E-6
 0.001053820683361875
 0.001106243269255944
 841.0473820945036320E-6
 463.3432213025502050E-6
 131.6169041019924750E-6
-75.29727327908369720E-6
-152.3894074425241740E-6
-139.4449850241185230E-6
-88.02718459712843920E-6
-40.83109598195873960E-6

