-80.07857961364092600E-6
-182.4549008147255900E-6
-49.89799208868640790E-6
 353.2532372795392350E-6
 461.3605037019490850E-6
-288.1450949620226540E-6
-0.001135711390927799
-445.4811040502530660E-6
 0.001630420331469303
 0.002061167492033981
-0.001070587644971857
-0.004131977537501262
-0.001432085104600985
 0.005289274185330776
 0.006038660816926253
-0.003499425591759280
-0.011380113395385801
-0.003011649330438826
 0.014287310095133898
 0.014386845387790531
-0.010362290288180427
-0.027964107049424539
-0.004739137521093428
 0.037747840396970163
 0.034429429662543795
-0.033858627868423211
-0.084137994964752244
-0.005886121407118333
 0.198168503640055671
 0.378708635361779233
 0.378708635361779233
 0.198168503640055671
-0.005886121407118333
-0.084137994964752244
-0.033858627868423211
 0.034429429662543795
 0.037747840396970163
-0.004739137521093428
-0.027964107049424539
-0.010362290288180427
 0.014386845387790531
 0.014287310095133898
-0.003011649330438826
-0.011380113395385801
-0.003499425591759280
 0.006038660816926253
 0.005289274185330776
-0.001432085104600985
-0.004131977537501262
-0.001070587644971857
 0.002061167492033981
 0.001630420331469303
-445.4811040502530660E-6
-0.001135711390927799
-288.1450949620226540E-6
 461.3605037019490850E-6
 353.2532372795392350E-6
-49.89799208868640790E-6
-182.4549008147255900E-6
-80.07857961364092600E-6

