-39.18426818307614210E-6
-51.16804042184931230E-6
 3.571831132479690310E-6
 170.1431726949360550E-6
 398.9394795507298570E-6
 513.3642159239992680E-6
 280.9602746120123700E-6
-397.9920460954073180E-6
-0.001289148688199549
-0.001795114443851808
-0.001237186319811439
 616.5034934838744220E-6
 0.003094073672577088
 0.004657357602031685
 0.003656317693859886
-455.9570960281048430E-6
-0.006185075429721498
-0.010174064133312667
-0.008835476715712288
-825.5756903329796610E-6
 0.011091154071667140
 0.020323545145040523
 0.019454249807474261
 0.004884966746798766
-0.019342598772685207
-0.041172593743850475
-0.044759901048151321
-0.017948861389643415
 0.040504601199922996
 0.117940827627698766
 0.191252624864452853
 0.235796258189592295
 0.235796258189592295
 0.191252624864452853
 0.117940827627698766
 0.040504601199922996
-0.017948861389643415
-0.044759901048151321
-0.041172593743850475
-0.019342598772685207
 0.004884966746798766
 0.019454249807474261
 0.020323545145040523
 0.011091154071667140
-825.5756903329796610E-6
-0.008835476715712288
-0.010174064133312667
-0.006185075429721498
-455.9570960281048430E-6
 0.003656317693859886
 0.004657357602031685
 0.003094073672577088
 616.5034934838744220E-6
-0.001237186319811439
-0.001795114443851808
-0.001289148688199549
-397.9920460954073180E-6
 280.9602746120123700E-6
 513.3642159239992680E-6
 398.9394795507298570E-6
 170.1431726949360550E-6
 3.571831132479690310E-6
-51.16804042184931230E-6
-39.18426818307614210E-6

