-126.3481586804365830E-6
 94.47229375598722360E-6
 951.8653624498385850E-6
 0.001357150616532353
-899.4282826546634620E-6
-0.005312446727534853
-0.005674770670032104
 0.004249750105224071
 0.018390896291040220
 0.016422733813407888
-0.014784553433453749
-0.052883645487312538
-0.043221283297754251
 0.052776085727688375
 0.205562884301583454
 0.323155000126061409
 0.323155000126061409
 0.205562884301583454
 0.052776085727688375
-0.043221283297754251
-0.052883645487312538
-0.014784553433453749
 0.016422733813407888
 0.018390896291040220
 0.004249750105224071
-0.005674770670032104
-0.005312446727534853
-899.4282826546634620E-6
 0.001357150616532353
 951.8653624498385850E-6
 94.47229375598722360E-6
-126.3481586804365830E-6

