 73.13971847920863920E-6
-330.0256749275508810E-6
-0.001366254055032703
-0.001626861489273801
 0.001587549123179624
 0.008158799891784663
 0.010785383665570344
-0.001184155301685952
-0.027320773353768244
-0.044177437884306121
-0.015145979484122959
 0.076835318664808083
 0.201612449688249706
 0.292067941973416456
 0.292067941973416456
 0.201612449688249706
 0.076835318664808083
-0.015145979484122959
-0.044177437884306121
-0.027320773353768244
-0.001184155301685952
 0.010785383665570344
 0.008158799891784663
 0.001587549123179624
-0.001626861489273801
-0.001366254055032703
-330.0256749275508810E-6
 73.13971847920863920E-6

