-16.81443506754960280E-6
-18.44712507435137640E-6
-16.91793802097942740E-6
-11.54002960762573870E-6
-2.239832630709680750E-6
 10.26924603622289920E-6
 24.43671773863027850E-6
 37.98531749498672380E-6
 48.19291067095944920E-6
 52.32460961044908740E-6
 48.15956192267517370E-6
 34.52769804424116270E-6
 11.75411094604964650E-6
-18.09196774949695200E-6
-51.22754952425671600E-6
-82.51120697476085300E-6
-106.1155045097351180E-6
-116.4480576601012560E-6
-109.1951090357043770E-6
-82.31814519225429190E-6
-36.81517926066901940E-6
 22.92898242986405680E-6
 89.33256724887084490E-6
 152.3988881379858920E-6
 201.0450546989503100E-6
 224.8279926692202930E-6
 215.8262924574432300E-6
 170.3739620156897840E-6
 90.32450838523382690E-6
-16.43995562338656670E-6
-136.4489147247555250E-6
-252.0903898802277470E-6
-343.9570962744293180E-6
-393.8163617509993630E-6
-387.7860353022906570E-6
-319.2096099619203070E-6
-190.7098918706919330E-6
-14.97325530249845650E-6
 186.0261607218756980E-6
 383.4276967190411370E-6
 545.3131609976039730E-6
 641.5049237351615830E-6
 648.6597501196838490E-6
 554.8576662833022510E-6
 362.8762163978254880E-6
 91.46449042449734180E-6
-225.8178052718920980E-6
-544.2810500383097860E-6
-813.9892811097515730E-6
-987.1368995041675590E-6
-0.001025890278268834
-909.4817431447326040E-6
-639.3371192003342000E-6
-241.2087905627877830E-6
 236.3373302532252470E-6
 727.2131083524938050E-6
 0.001156417676933207
 0.001450928523224307
 0.001551371319478321
 0.001422695110207342
 0.001062066501752544
 502.4671939202823980E-6
-188.9835384987059970E-6
-918.2172947672443120E-6
-0.001576303669434058
-0.002054995298549903
-0.002263614372316986
-0.002144761641034538
-0.001686287098416022
-927.3182358160169090E-6
 43.12481314864042760E-6
 0.001095370792681720
 0.002075454335719144
 0.002826677006249542
 0.003213488931146351
 0.003144201698189018
 0.002588927648656859
 0.001589573356516633
 259.6733356305693970E-6
-0.001226771951496872
-0.002656670818711923
-0.003807015010118364
-0.004478049951292276
-0.004525714760258345
-0.003888352001098975
-0.002603152104271492
-808.9875214659469980E-6
 0.001265918066251792
 0.003330874993946442
 0.005071314951323276
 0.006194240845956702
 0.006474283968877842
 0.005793523035532842
 0.004168603577066179
 0.001760068373495365
-0.001138961101588885
-0.004134792709556039
-0.006782863542391250
-0.008649306130164762
-0.009376364036882393
-0.008742446963002573
-0.006707661617611445
-0.003437017333189185
 703.9218582157440100E-6
 0.005182670012831512
 0.009360481456584953
 0.012573839516590369
 0.014227215243649156
 0.013885281796334236
 0.011351985437010704
 0.006724755386255264
 414.6552222507839360E-6
-0.006872815054924754
-0.014196719296268444
-0.020474773552114738
-0.024602984755757364
-0.025587477585160782
-0.022672869715505931
-0.015451187147808472
-0.003936973822904577
 0.011402198937761076
 0.029665572531423705
 0.049589203194247623
 0.069659843947893790
 0.088260943522037449
 0.103834841263971730
 0.115042952239479954
 0.120905643655129916
 0.120905643655129916
 0.115042952239479954
 0.103834841263971730
 0.088260943522037449
 0.069659843947893790
 0.049589203194247623
 0.029665572531423705
 0.011402198937761076
-0.003936973822904577
-0.015451187147808472
-0.022672869715505931
-0.025587477585160782
-0.024602984755757364
-0.020474773552114738
-0.014196719296268444
-0.006872815054924754
 414.6552222507839360E-6
 0.006724755386255264
 0.011351985437010704
 0.013885281796334236
 0.014227215243649156
 0.012573839516590369
 0.009360481456584953
 0.005182670012831512
 703.9218582157440100E-6
-0.003437017333189185
-0.006707661617611445
-0.008742446963002573
-0.009376364036882393
-0.008649306130164762
-0.006782863542391250
-0.004134792709556039
-0.001138961101588885
 0.001760068373495365
 0.004168603577066179
 0.005793523035532842
 0.006474283968877842
 0.006194240845956702
 0.005071314951323276
 0.003330874993946442
 0.001265918066251792
-808.9875214659469980E-6
-0.002603152104271492
-0.003888352001098975
-0.004525714760258345
-0.004478049951292276
-0.003807015010118364
-0.002656670818711923
-0.001226771951496872
 259.6733356305693970E-6
 0.001589573356516633
 0.002588927648656859
 0.003144201698189018
 0.003213488931146351
 0.002826677006249542
 0.002075454335719144
 0.001095370792681720
 43.12481314864042760E-6
-927.3182358160169090E-6
-0.001686287098416022
-0.002144761641034538
-0.002263614372316986
-0.002054995298549903
-0.001576303669434058
-918.2172947672443120E-6
-188.9835384987059970E-6
 502.4671939202823980E-6
 0.001062066501752544
 0.001422695110207342
 0.001551371319478321
 0.001450928523224307
 0.001156417676933207
 727.2131083524938050E-6
 236.3373302532252470E-6
-241.2087905627877830E-6
-639.3371192003342000E-6
-909.4817431447326040E-6
-0.001025890278268834
-987.1368995041675590E-6
-813.9892811097515730E-6
-544.2810500383097860E-6
-225.8178052718920980E-6
 91.46449042449734180E-6
 362.8762163978254880E-6
 554.8576662833022510E-6
 648.6597501196838490E-6
 641.5049237351615830E-6
 545.3131609976039730E-6
 383.4276967190411370E-6
 186.0261607218756980E-6
-14.97325530249845650E-6
-190.7098918706919330E-6
-319.2096099619203070E-6
-387.7860353022906570E-6
-393.8163617509993630E-6
-343.9570962744293180E-6
-252.0903898802277470E-6
-136.4489147247555250E-6
-16.43995562338656670E-6
 90.32450838523382690E-6
 170.3739620156897840E-6
 215.8262924574432300E-6
 224.8279926692202930E-6
 201.0450546989503100E-6
 152.3988881379858920E-6
 89.33256724887084490E-6
 22.92898242986405680E-6
-36.81517926066901940E-6
-82.31814519225429190E-6
-109.1951090357043770E-6
-116.4480576601012560E-6
-106.1155045097351180E-6
-82.51120697476085300E-6
-51.22754952425671600E-6
-18.09196774949695200E-6
 11.75411094604964650E-6
 34.52769804424116270E-6
 48.15956192267517370E-6
 52.32460961044908740E-6
 48.19291067095944920E-6
 37.98531749498672380E-6
 24.43671773863027850E-6
 10.26924603622289920E-6
-2.239832630709680750E-6
-11.54002960762573870E-6
-16.91793802097942740E-6
-18.44712507435137640E-6
-16.81443506754960280E-6

