-5.528234763750571550E-6
-34.96760026809423040E-6
-57.56849373666809560E-6
-13.07304031433125150E-6
 141.8683257000455170E-6
 214.2595986860498840E-6
-87.25325151826652360E-6
-630.1387586033623620E-6
-567.4961955166920690E-6
 689.1584100724061270E-6
 0.001963282579190552
 851.9024822327619400E-6
-0.002782630005792996
-0.004565717606253225
 90.27045475950829710E-6
 0.007978697351347043
 0.008083905037263486
-0.004934831166621420
-0.018150678012736541
-0.010333771059150562
 0.018675083469550838
 0.035393111494267944
 0.005597703138973570
-0.053478172204782862
-0.067354746504142249
 0.027994639899704334
 0.205860736384129855
 0.349421407479210633
 0.349421407479210633
 0.205860736384129855
 0.027994639899704334
-0.067354746504142249
-0.053478172204782862
 0.005597703138973570
 0.035393111494267944
 0.018675083469550838
-0.010333771059150562
-0.018150678012736541
-0.004934831166621420
 0.008083905037263486
 0.007978697351347043
 90.27045475950829710E-6
-0.004565717606253225
-0.002782630005792996
 851.9024822327619400E-6
 0.001963282579190552
 689.1584100724061270E-6
-567.4961955166920690E-6
-630.1387586033623620E-6
-87.25325151826652360E-6
 214.2595986860498840E-6
 141.8683257000455170E-6
-13.07304031433125150E-6
-57.56849373666809560E-6
-34.96760026809423040E-6
-5.528234763750571550E-6

