-15.82156926862149150E-6
 95.73089064616839040E-6
 127.1847819674523520E-6
-135.1163308352175530E-6
-388.7491086090120690E-6
-9.393836138431009180E-6
 751.9882406023947400E-6
 550.5444452384708710E-6
-957.3534817232880410E-6
-0.001601973714702638
 516.3385702554314780E-6
 0.002944239522139346
 0.001120283155403032
-0.003838006514060206
-0.004185877802888848
 0.003063978611199389
 0.008129509975044063
 681.4204269816989380E-6
-0.011296549029168204
-0.008068212428513452
 0.011008674871333732
 0.018325604568569430
-0.004122620082065732
-0.028667356051183413
-0.012204077094456468
 0.034053799612905771
 0.040409277367073407
-0.026342230317798327
-0.086104253005479900
-0.014917902330600572
 0.194995558534030361
 0.386112739548507944
 0.386112739548507944
 0.194995558534030361
-0.014917902330600572
-0.086104253005479900
-0.026342230317798327
 0.040409277367073407
 0.034053799612905771
-0.012204077094456468
-0.028667356051183413
-0.004122620082065732
 0.018325604568569430
 0.011008674871333732
-0.008068212428513452
-0.011296549029168204
 681.4204269816989380E-6
 0.008129509975044063
 0.003063978611199389
-0.004185877802888848
-0.003838006514060206
 0.001120283155403032
 0.002944239522139346
 516.3385702554314780E-6
-0.001601973714702638
-957.3534817232880410E-6
 550.5444452384708710E-6
 751.9882406023947400E-6
-9.393836138431009180E-6
-388.7491086090120690E-6
-135.1163308352175530E-6
 127.1847819674523520E-6
 95.73089064616839040E-6
-15.82156926862149150E-6

