-479.5548464209324490E-9
 1.841274094989727050E-6
 4.483999191154418360E-6
-14.06293011501126600E-6
-13.62361285532155190E-6
 47.40272673607858420E-6
 15.48079397627504680E-6
-60.36069720718714390E-6
-23.79677810488109560E-15
-174.8122024708147250E-6
 104.4702505875708030E-6
 0.001219828125953824
-980.8774356854776220E-6
-0.003930558430691350
 0.004344510001581973
 0.009036936133094923
-0.013584144843888328
-0.016436088830989848
 0.035031692555610866
 0.024689876505307309
-0.085922892972560047
-0.031298919209826352
 0.311001407172818767
 0.533837890616248090
 0.311001407172818767
-0.031298919209826352
-0.085922892972560047
 0.024689876505307309
 0.035031692555610866
-0.016436088830989848
-0.013584144843888328
 0.009036936133094923
 0.004344510001581973
-0.003930558430691350
-980.8774356854776220E-6
 0.001219828125953824
 104.4702505875708030E-6
-174.8122024708147250E-6
-23.79677810488109560E-15
-60.36069720718714390E-6
 15.48079397627504680E-6
 47.40272673607858420E-6
-13.62361285532155190E-6
-14.06293011501126600E-6
 4.483999191154418360E-6
 1.841274094989727050E-6
-479.5548464209324490E-9

