-7.296912515991530240E-6
-99.19361692086305030E-6
-248.0057185947874250E-6
-419.7909465341906530E-6
-475.6951784070310510E-6
-242.6807516246005040E-6
 378.0909917619496810E-6
 0.001270463672049655
 0.002030192159039896
 0.002058607345048187
 854.8618497432487400E-6
-0.001587517192576321
-0.004495710682418440
-0.006390670847686484
-0.005643414751518683
-0.001385952378691436
 0.005625532556329237
 0.012728779140311487
 0.016046782896563853
 0.012128027553169109
-20.32373839339161490E-6
-0.017443228421433279
-0.033208772020179633
-0.038252863607472605
-0.024686759529460589
 0.010627841505734245
 0.063771560519314541
 0.123928851176020455
 0.176280584756879244
 0.206733092950501907
 0.206733092950501907
 0.176280584756879244
 0.123928851176020455
 0.063771560519314541
 0.010627841505734245
-0.024686759529460589
-0.038252863607472605
-0.033208772020179633
-0.017443228421433279
-20.32373839339161490E-6
 0.012128027553169109
 0.016046782896563853
 0.012728779140311487
 0.005625532556329237
-0.001385952378691436
-0.005643414751518683
-0.006390670847686484
-0.004495710682418440
-0.001587517192576321
 854.8618497432487400E-6
 0.002058607345048187
 0.002030192159039896
 0.001270463672049655
 378.0909917619496810E-6
-242.6807516246005040E-6
-475.6951784070310510E-6
-419.7909465341906530E-6
-248.0057185947874250E-6
-99.19361692086305030E-6
-7.296912515991530240E-6

