 17.05663202339405870E-6
 70.90996428217538040E-6
 132.7244122389515720E-6
 203.6668998428385460E-6
 228.8662261528966160E-6
 162.7545679381204880E-6
-34.06293726898601900E-6
-351.6734627295298880E-6
-713.2619941101717130E-6
-972.8127546395046470E-6
-952.5624782331735790E-6
-513.0658991775068220E-6
 361.0723009293160430E-6
 0.001496411731094055
 0.002525911107233368
 0.002971071375294049
 0.002406990651962229
 666.7442170308878530E-6
-0.001990995076918853
-0.004836823697688220
-0.006807926206962522
-0.006828805842355561
-0.004239731179904641
 808.9446660580262000E-6
 0.007164092204926444
 0.012811075172987494
 0.015384870785876911
 0.012955256910043764
 0.004865458833899867
-0.007663642550064061
-0.021426490737281388
-0.031761559430430117
-0.033660206045340611
-0.023196102246412387
 0.001128081783930766
 0.037546005931513984
 0.081020713768712255
 0.124153726368056369
 0.158823755494440277
 0.178134253942117904
 0.178134253942117904
 0.158823755494440277
 0.124153726368056369
 0.081020713768712255
 0.037546005931513984
 0.001128081783930766
-0.023196102246412387
-0.033660206045340611
-0.031761559430430117
-0.021426490737281388
-0.007663642550064061
 0.004865458833899867
 0.012955256910043764
 0.015384870785876911
 0.012811075172987494
 0.007164092204926444
 808.9446660580262000E-6
-0.004239731179904641
-0.006828805842355561
-0.006807926206962522
-0.004836823697688220
-0.001990995076918853
 666.7442170308878530E-6
 0.002406990651962229
 0.002971071375294049
 0.002525911107233368
 0.001496411731094055
 361.0723009293160430E-6
-513.0658991775068220E-6
-952.5624782331735790E-6
-972.8127546395046470E-6
-713.2619941101717130E-6
-351.6734627295298880E-6
-34.06293726898601900E-6
 162.7545679381204880E-6
 228.8662261528966160E-6
 203.6668998428385460E-6
 132.7244122389515720E-6
 70.90996428217538040E-6
 17.05663202339405870E-6

