-29.55520697704059070E-6
 231.6678396216312880E-6
 28.55457026979370740E-6
-425.1789098211964980E-6
 587.1974713306257170E-6
 23.81874289711328530E-6
-0.001154622529725296
 0.001565384094841094
-137.4473889119497580E-6
-0.002460074244629976
 0.003555794555386464
-838.8576038044118380E-6
-0.004443846277608313
 0.007173718502535027
-0.002750628012054768
-0.007056049861854751
 0.013262708271248294
-0.007020758639745755
-0.010047775449960635
 0.023234028879600716
-0.015850338220460197
-0.012989126132278733
 0.040674315652799192
-0.035238180740238344
-0.015358475707556524
 0.081709718773857742
-0.098437717902831567
-0.016683419608794284
 0.559009038947831050
 0.559009038947831050
-0.016683419608794284
-0.098437717902831567
 0.081709718773857742
-0.015358475707556524
-0.035238180740238344
 0.040674315652799192
-0.012989126132278733
-0.015850338220460197
 0.023234028879600716
-0.010047775449960635
-0.007020758639745755
 0.013262708271248294
-0.007056049861854751
-0.002750628012054768
 0.007173718502535027
-0.004443846277608313
-838.8576038044118380E-6
 0.003555794555386464
-0.002460074244629976
-137.4473889119497580E-6
 0.001565384094841094
-0.001154622529725296
 23.81874289711328530E-6
 587.1974713306257170E-6
-425.1789098211964980E-6
 28.55457026979370740E-6
 231.6678396216312880E-6
-29.55520697704059070E-6

