 2.114902479137388710E-6
 13.90327820821719840E-6
 53.59409637910288640E-6
 152.9651931077227120E-6
 351.7307409287275850E-6
 676.2978401835755450E-6
 0.001100583558492110
 0.001497814943473998
 0.001607161342343259
 0.001050113228351605
-571.2034755232093630E-6
-0.003485218569377297
-0.007505866020639915
-0.011813666194382455
-0.014875480513321365
-0.014604324307719283
-0.008797520925183353
 0.004211534981050231
 0.024860304863846057
 0.051859898857000861
 0.082114267850798978
 0.111168186276161318
 0.134125587215122966
 0.146806770739689285
 0.146806770739689285
 0.134125587215122966
 0.111168186276161318
 0.082114267850798978
 0.051859898857000861
 0.024860304863846057
 0.004211534981050231
-0.008797520925183353
-0.014604324307719283
-0.014875480513321365
-0.011813666194382455
-0.007505866020639915
-0.003485218569377297
-571.2034755232093630E-6
 0.001050113228351605
 0.001607161342343259
 0.001497814943473998
 0.001100583558492110
 676.2978401835755450E-6
 351.7307409287275850E-6
 152.9651931077227120E-6
 53.59409637910288640E-6
 13.90327820821719840E-6
 2.114902479137388710E-6

