 61.91509594688859150E-6
 117.7977955021771240E-6
-10.41806097032283770E-6
-297.2138096031443980E-6
-278.8149654787191030E-6
 335.3639547416377700E-6
 806.1333607011766840E-6
 32.62959775671988890E-6
-0.001405790291546753
-0.001148999388536154
 0.001447384806139054
 0.002903002649292676
-185.3768268508902390E-6
-0.004607316486686131
-0.002958530522228064
 0.004793157709172084
 0.007617297184752642
-0.001771256960947082
-0.012121811277480268
-0.005612783452440522
 0.013396335750295871
 0.016830571434653174
-0.007712151923099555
-0.028998749131253880
-0.008389205197846295
 0.036525877730959923
 0.037621042199956586
-0.030514953004122936
-0.085415390088162180
-0.010190760673140828
 0.196806149972234556
 0.382254013073661802
 0.382254013073661802
 0.196806149972234556
-0.010190760673140828
-0.085415390088162180
-0.030514953004122936
 0.037621042199956586
 0.036525877730959923
-0.008389205197846295
-0.028998749131253880
-0.007712151923099555
 0.016830571434653174
 0.013396335750295871
-0.005612783452440522
-0.012121811277480268
-0.001771256960947082
 0.007617297184752642
 0.004793157709172084
-0.002958530522228064
-0.004607316486686131
-185.3768268508902390E-6
 0.002903002649292676
 0.001447384806139054
-0.001148999388536154
-0.001405790291546753
 32.62959775671988890E-6
 806.1333607011766840E-6
 335.3639547416377700E-6
-278.8149654787191030E-6
-297.2138096031443980E-6
-10.41806097032283770E-6
 117.7977955021771240E-6
 61.91509594688859150E-6

