 1.160845650831939800E-9
-34.12197821331717760E-9
 152.0242357591125990E-9
 349.9740130972213020E-9
-458.9038215540106190E-9
-3.094251281885155970E-6
-5.756439815894442090E-6
-3.000047950383966540E-6
 9.996146980451305450E-6
 28.32993550381429060E-6
 32.29351655851196060E-6
-1.479643654714813070E-6
-71.72715009703351540E-6
-129.1669970314876250E-6
-93.15758161443972080E-6
 78.27896514378464590E-6
 307.3435388687786370E-6
 391.6423917550650910E-6
 136.2839555141823380E-6
-431.1242584125444070E-6
-943.4033636413693100E-6
-860.2517014154711890E-6
 88.68787277610827860E-6
 0.001483022096001268
 0.002249000583736463
 0.001353767088908154
-0.001196665180529629
-0.003870486889929910
-0.004327134581483580
-0.001194451739116561
 0.004285846339207506
 0.008294750761814372
 0.006780600397261197
-0.001094139881379756
-0.011020416206152992
-0.015337871348617593
-0.008319114397119859
 0.008327125382822365
 0.024226864478716925
 0.025769751224504697
 0.005968760906639375
-0.027536935493940311
-0.052834554255792192
-0.044327032464846219
 0.011478290047818173
 0.104565321100382580
 0.202532253856767097
 0.265212607629503272
 0.265212607629503272
 0.202532253856767097
 0.104565321100382580
 0.011478290047818173
-0.044327032464846219
-0.052834554255792192
-0.027536935493940311
 0.005968760906639375
 0.025769751224504697
 0.024226864478716925
 0.008327125382822365
-0.008319114397119859
-0.015337871348617593
-0.011020416206152992
-0.001094139881379756
 0.006780600397261197
 0.008294750761814372
 0.004285846339207506
-0.001194451739116561
-0.004327134581483580
-0.003870486889929910
-0.001196665180529629
 0.001353767088908154
 0.002249000583736463
 0.001483022096001268
 88.68787277610827860E-6
-860.2517014154711890E-6
-943.4033636413693100E-6
-431.1242584125444070E-6
 136.2839555141823380E-6
 391.6423917550650910E-6
 307.3435388687786370E-6
 78.27896514378464590E-6
-93.15758161443972080E-6
-129.1669970314876250E-6
-71.72715009703351540E-6
-1.479643654714813070E-6
 32.29351655851196060E-6
 28.32993550381429060E-6
 9.996146980451305450E-6
-3.000047950383966540E-6
-5.756439815894442090E-6
-3.094251281885155970E-6
-458.9038215540106190E-9
 349.9740130972213020E-9
 152.0242357591125990E-9
-34.12197821331717760E-9
 1.160845650831939800E-9

