 68.37737478186660670E-9
-11.78936071684717040E-9
 151.3367705915742360E-9
 360.4303370717303210E-9
-849.9002988268498480E-9
-3.371652350968095120E-6
-1.916913180374266280E-6
 8.177274665156700100E-6
 16.63091006486481760E-6
 561.1315875635413020E-9
-39.19966447822447720E-6
-49.38736821187211490E-6
 24.53423065342456510E-6
 129.4267276250157010E-6
 100.8301207337986230E-6
-130.3643076315431130E-6
-329.4938715402561230E-6
-130.3763763015111580E-6
 428.2641273483781670E-6
 678.9150416453883280E-6
 13.29524032134393070E-6
-0.001082969230307540
-0.001147313221234247
 503.0625117076334050E-6
 0.002271287121092218
 0.001547447060547085
-0.001815515931273978
-0.004088578608820159
-0.001441876177396683
 0.004429558449800427
 0.006412684466569831
 69.95642931574481340E-6
-0.008874917769003845
-0.008753610845050573
 0.003713346123129189
 0.015632740575532964
 0.010098384889880957
-0.011631206096225767
-0.025253208027873113
-0.008606685321882102
 0.026980666235960953
 0.039283848979861646
 148.3402353120493160E-6
-0.060483292007204793
-0.066354224829719158
 0.035052327009733424
 0.208611979165777728
 0.344061471368177385
 0.344061471368177385
 0.208611979165777728
 0.035052327009733424
-0.066354224829719158
-0.060483292007204793
 148.3402353120493160E-6
 0.039283848979861646
 0.026980666235960953
-0.008606685321882102
-0.025253208027873113
-0.011631206096225767
 0.010098384889880957
 0.015632740575532964
 0.003713346123129189
-0.008753610845050573
-0.008874917769003845
 69.95642931574481340E-6
 0.006412684466569831
 0.004429558449800427
-0.001441876177396683
-0.004088578608820159
-0.001815515931273978
 0.001547447060547085
 0.002271287121092218
 503.0625117076334050E-6
-0.001147313221234247
-0.001082969230307540
 13.29524032134393070E-6
 678.9150416453883280E-6
 428.2641273483781670E-6
-130.3763763015111580E-6
-329.4938715402561230E-6
-130.3643076315431130E-6
 100.8301207337986230E-6
 129.4267276250157010E-6
 24.53423065342456510E-6
-49.38736821187211490E-6
-39.19966447822447720E-6
 561.1315875635413020E-9
 16.63091006486481760E-6
 8.177274665156700100E-6
-1.916913180374266280E-6
-3.371652350968095120E-6
-849.9002988268498480E-9
 360.4303370717303210E-9
 151.3367705915742360E-9
-11.78936071684717040E-9
 68.37737478186660670E-9

