 57.57688516425729120E-9
-2.645046974729556850E-9
 262.4558319226435970E-9
 545.1998597829814340E-9
-1.208402593060315280E-6
-3.805026833781374410E-6
 692.1927070709785990E-9
 12.46825776587566100E-6
 8.906442166028826440E-6
-24.21907654714665270E-6
-40.61356130231793320E-6
 21.95646579082719540E-6
 102.7018992298839640E-6
 32.83416653753802450E-6
-175.3853022124992550E-6
-188.9517321454607100E-6
 183.7925369831750970E-6
 463.5693305250863430E-6
 6.586406100513075400E-6
-774.5710325654697500E-6
-538.6854748281251660E-6
 883.9691022997910750E-6
 0.001442323370551454
-416.1818431044824820E-6
-0.002476680529873453
-991.1797755421530380E-6
 0.003030481540181394
 0.003404216487083928
-0.002202020642473823
-0.006274427126794265
-861.7608060953389210E-6
 0.008267678711579735
 0.006408576194596532
-0.007429653587873370
-0.013496681870165872
 0.001764214044889827
 0.019654832712991139
 0.009905500364893424
-0.020967783605476756
-0.027126997696814186
 0.012406206055995746
 0.047469137923444843
 0.012786236164394617
-0.066913914940347069
-0.071078548545675149
 0.080963456572654927
 0.305807737473020924
 0.413908691284656127
 0.305807737473020924
 0.080963456572654927
-0.071078548545675149
-0.066913914940347069
 0.012786236164394617
 0.047469137923444843
 0.012406206055995746
-0.027126997696814186
-0.020967783605476756
 0.009905500364893424
 0.019654832712991139
 0.001764214044889827
-0.013496681870165872
-0.007429653587873370
 0.006408576194596532
 0.008267678711579735
-861.7608060953389210E-6
-0.006274427126794265
-0.002202020642473823
 0.003404216487083928
 0.003030481540181394
-991.1797755421530380E-6
-0.002476680529873453
-416.1818431044824820E-6
 0.001442323370551454
 883.9691022997910750E-6
-538.6854748281251660E-6
-774.5710325654697500E-6
 6.586406100513075400E-6
 463.5693305250863430E-6
 183.7925369831750970E-6
-188.9517321454607100E-6
-175.3853022124992550E-6
 32.83416653753802450E-6
 102.7018992298839640E-6
 21.95646579082719540E-6
-40.61356130231793320E-6
-24.21907654714665270E-6
 8.906442166028826440E-6
 12.46825776587566100E-6
 692.1927070709785990E-9
-3.805026833781374410E-6
-1.208402593060315280E-6
 545.1998597829814340E-9
 262.4558319226435970E-9
-2.645046974729556850E-9
 57.57688516425729120E-9

