 15.96366011034183960E-6
-31.35031931804696730E-6
-147.4744526865471810E-6
-287.0935504127198210E-6
-290.5352578333242380E-6
 11.61288198439328310E-6
 596.0178952203277730E-6
 0.001099335598005876
 943.6562550028022540E-6
-208.9544757186402250E-6
-0.001941976989440860
-0.003010697984879880
-0.002045917211644354
 0.001224205881922208
 0.005136004107149769
 0.006616272817146359
 0.003237323903949671
-0.004360602408887024
-0.011665411001623662
-0.012477975037706368
-0.003412267137891191
 0.012169938593057282
 0.024229805266695867
 0.021502049521202715
-87.31833636414344820E-6
-0.031435073292675919
-0.051787733214832390
-0.038727356078736772
 0.018129060264815804
 0.107897882486880897
 0.200255834284326778
 0.258727562233036945
 0.258727562233036945
 0.200255834284326778
 0.107897882486880897
 0.018129060264815804
-0.038727356078736772
-0.051787733214832390
-0.031435073292675919
-87.31833636414344820E-6
 0.021502049521202715
 0.024229805266695867
 0.012169938593057282
-0.003412267137891191
-0.012477975037706368
-0.011665411001623662
-0.004360602408887024
 0.003237323903949671
 0.006616272817146359
 0.005136004107149769
 0.001224205881922208
-0.002045917211644354
-0.003010697984879880
-0.001941976989440860
-208.9544757186402250E-6
 943.6562550028022540E-6
 0.001099335598005876
 596.0178952203277730E-6
 11.61288198439328310E-6
-290.5352578333242380E-6
-287.0935504127198210E-6
-147.4744526865471810E-6
-31.35031931804696730E-6
 15.96366011034183960E-6

