-64.04935389267343740E-6
-141.4264373988808930E-6
-169.5375158210781590E-6
-33.52731819877742230E-6
 309.2578747862681890E-6
 716.5724322452014120E-6
 850.9471076203168420E-6
 364.7366679327649310E-6
-771.5937488801655490E-6
-0.002024822150248085
-0.002420304851345945
-0.001129238292157760
 0.001745816267759424
 0.004765604224078176
 0.005657361850048007
 0.002733066219516793
-0.003521150242209262
-0.009875177690084405
-0.011662756419917916
-0.005698431707985977
 0.006784362260926866
 0.019329632846358018
 0.022913208611499942
 0.011348799353070966
-0.013362935318499117
-0.039281173283717913
-0.048455331508202096
-0.025508290448475145
 0.033225060413643773
 0.115151483037751246
 0.194705665413235224
 0.243657356443393591
 0.243657356443393591
 0.194705665413235224
 0.115151483037751246
 0.033225060413643773
-0.025508290448475145
-0.048455331508202096
-0.039281173283717913
-0.013362935318499117
 0.011348799353070966
 0.022913208611499942
 0.019329632846358018
 0.006784362260926866
-0.005698431707985977
-0.011662756419917916
-0.009875177690084405
-0.003521150242209262
 0.002733066219516793
 0.005657361850048007
 0.004765604224078176
 0.001745816267759424
-0.001129238292157760
-0.002420304851345945
-0.002024822150248085
-771.5937488801655490E-6
 364.7366679327649310E-6
 850.9471076203168420E-6
 716.5724322452014120E-6
 309.2578747862681890E-6
-33.52731819877742230E-6
-169.5375158210781590E-6
-141.4264373988808930E-6
-64.04935389267343740E-6

