-4.872274011592840460E-6
-23.75118639172201540E-6
-40.90493046494870560E-6
-26.47850222942834010E-6
 42.67795214277307280E-6
 145.7293142204795230E-6
 200.4672650429076840E-6
 102.3532045702891940E-6
-180.6516575358875230E-6
-519.2029118244772690E-6
-635.6836468493526130E-6
-271.7790300156852370E-6
 558.0349337882024660E-6
 0.001416741692515377
 0.001593680129406887
 574.5618163127246590E-6
-0.001420792349795134
-0.003264845109923381
-0.003426330545150776
-0.001028762522412116
 0.003170817816888859
 0.006704782483201647
 0.006631787646989140
 0.001611719254808241
-0.006480501355212193
-0.012794090163955340
-0.012046494252736390
-0.002252048564164423
 0.012701469344715700
 0.023837166863624776
 0.021711319151461420
 0.002839961957694849
-0.025838656146319673
-0.047851773472267239
-0.044152603723777044
-0.003255547617706115
 0.070775399616712517
 0.157349222132095068
 0.226839665268684376
 0.253405761402782981
 0.226839665268684376
 0.157349222132095068
 0.070775399616712517
-0.003255547617706115
-0.044152603723777044
-0.047851773472267239
-0.025838656146319673
 0.002839961957694849
 0.021711319151461420
 0.023837166863624776
 0.012701469344715700
-0.002252048564164423
-0.012046494252736390
-0.012794090163955340
-0.006480501355212193
 0.001611719254808241
 0.006631787646989140
 0.006704782483201647
 0.003170817816888859
-0.001028762522412116
-0.003426330545150776
-0.003264845109923381
-0.001420792349795134
 574.5618163127246590E-6
 0.001593680129406887
 0.001416741692515377
 558.0349337882024660E-6
-271.7790300156852370E-6
-635.6836468493526130E-6
-519.2029118244772690E-6
-180.6516575358875230E-6
 102.3532045702891940E-6
 200.4672650429076840E-6
 145.7293142204795230E-6
 42.67795214277307280E-6
-26.47850222942834010E-6
-40.90493046494870560E-6
-23.75118639172201540E-6
-4.872274011592840460E-6

