 5.410757752979261430E-6
-18.79146047057906800E-6
-33.37801777884955360E-6
 21.29770063694732580E-6
 96.33094566587590180E-6
 28.42955565919180570E-6
-176.8997294964019600E-6
-186.7179274760897560E-6
 195.9919958908323000E-6
 477.0693253507832880E-6
-7.197018403267142260E-6
-814.8645365580741780E-6
-546.1382072436813360E-6
 946.5967513047487500E-6
 0.001498233788273848
-473.0324041507315090E-6
-0.002594120102348352
-986.0029446142605140E-6
 0.003190972912769520
 0.003493035684229685
-0.002352638134872099
-0.006469009094589282
-790.1341281851264280E-6
 0.008533420258953548
 0.006468675982305444
-0.007693661273388841
-0.013696114821106335
 0.001945882114275578
 0.019949400381716321
 0.009858012402757266
-0.021282315639759901
-0.027216143991738589
 0.012670576991127589
 0.047655314612311234
 0.012608396732762992
-0.067144327423916267
-0.070985656059025168
 0.081201816445205494
 0.305780290036652413
 0.413671874987433130
 0.305780290036652413
 0.081201816445205494
-0.070985656059025168
-0.067144327423916267
 0.012608396732762992
 0.047655314612311234
 0.012670576991127589
-0.027216143991738589
-0.021282315639759901
 0.009858012402757266
 0.019949400381716321
 0.001945882114275578
-0.013696114821106335
-0.007693661273388841
 0.006468675982305444
 0.008533420258953548
-790.1341281851264280E-6
-0.006469009094589282
-0.002352638134872099
 0.003493035684229685
 0.003190972912769520
-986.0029446142605140E-6
-0.002594120102348352
-473.0324041507315090E-6
 0.001498233788273848
 946.5967513047487500E-6
-546.1382072436813360E-6
-814.8645365580741780E-6
-7.197018403267142260E-6
 477.0693253507832880E-6
 195.9919958908323000E-6
-186.7179274760897560E-6
-176.8997294964019600E-6
 28.42955565919180570E-6
 96.33094566587590180E-6
 21.29770063694732580E-6
-33.37801777884955360E-6
-18.79146047057906800E-6
 5.410757752979261430E-6

