 11.56813025869809940E-6
 9.065575911466243750E-6
-11.64688507811409220E-6
-52.56418981340580390E-6
-96.36451832872553780E-6
-104.3838787292536380E-6
-32.83357201153695830E-6
 133.2254919948061630E-6
 344.3314790796515010E-6
 477.7009388602315310E-6
 379.5398538861018660E-6
-41.89266248619854590E-6
-711.5954157639238250E-6
-0.001340710335244556
-0.001501339356883185
-834.8118964055145170E-6
 680.6896432113671840E-6
 0.002551149861541128
 0.003831945333714200
 0.003502263346674767
 0.001045557613888143
-0.003034971371902549
-0.007099759032374811
-0.008872487690956497
-0.006488472653097598
 313.6992792995795870E-6
 0.009474571598623272
 0.016916962777409117
 0.018026780749791801
 0.009891015834155605
-0.006628420874087540
-0.026050716405880872
-0.039367757006979559
-0.036998808393865525
-0.012652728598720056
 0.033432248701575830
 0.093349562245989587
 0.153235751579360507
 0.197443173183757509
 0.213720703112433102
 0.197443173183757509
 0.153235751579360507
 0.093349562245989587
 0.033432248701575830
-0.012652728598720056
-0.036998808393865525
-0.039367757006979559
-0.026050716405880872
-0.006628420874087540
 0.009891015834155605
 0.018026780749791801
 0.016916962777409117
 0.009474571598623272
 313.6992792995795870E-6
-0.006488472653097598
-0.008872487690956497
-0.007099759032374811
-0.003034971371902549
 0.001045557613888143
 0.003502263346674767
 0.003831945333714200
 0.002551149861541128
 680.6896432113671840E-6
-834.8118964055145170E-6
-0.001501339356883185
-0.001340710335244556
-711.5954157639238250E-6
-41.89266248619854590E-6
 379.5398538861018660E-6
 477.7009388602315310E-6
 344.3314790796515010E-6
 133.2254919948061630E-6
-32.83357201153695830E-6
-104.3838787292536380E-6
-96.36451832872553780E-6
-52.56418981340580390E-6
-11.64688507811409220E-6
 9.065575911466243750E-6
 11.56813025869809940E-6

